# Recording timestamp: 2018-12-28 11:19:55
# Recording title: 
# field: speed_samples
0.95012677, 25.293018
1.9501268, 25.324305
2.9501266, 25.212568
3.9501266, 25.12011
4.9501266, 25.097036
5.9501266, 25.19843
6.9501266, 25.253262
7.9501266, 25.329853
8.950127, 25.371721
9.950127, 25.44731
10.950127, 25.468788
11.950127, 25.374481
12.950127, 25.50269
13.950127, 25.499846
14.950127, 25.487257
15.950127, 25.448269
16.950127, 25.396362
17.950127, 25.359467
18.950127, 25.203766
19.950127, 25.175068
20.950127, 25.0787
21.950127, 25.081566
22.950127, 24.905363
23.950127, 24.930115
24.950127, 24.983295
25.950127, 25.155807
26.950127, 25.441128
27.950127, 25.567472
28.950127, 25.804132
29.950127, 25.728502
30.950127, 25.85353
31.950127, 25.804699
32.950127, 25.72221
33.950127, 25.610199
34.950127, 25.512062
35.950127, 25.34719
36.950127, 25.123524
37.950127, 24.95259
38.950127, 24.815392
39.950127, 24.678392
40.950127, 24.545523
41.950127, 24.38207
42.950127, 24.195229
43.950127, 23.745987
44.950127, 23.139076
45.950127, 22.766455
46.950127, 22.277998
47.950127, 21.850357
48.950127, 21.328175
49.950127, 21.147255
50.950127, 21.538937
51.950127, 22.161833
52.950127, 22.746803
53.950127, 23.297709
54.950127, 23.171488
55.950127, 23.100393
56.950127, 23.154243
57.950127, 23.288057
58.950127, 23.483053
59.950127, 23.784369
60.950127, 24.060389
61.950127, 24.117018
62.950127, 24.08312
63.950127, 23.903906
64.95013, 23.786118
65.95013, 23.74967
66.95013, 23.681532
67.95013, 23.744202
68.95013, 23.674807
69.95013, 23.727814
70.95013, 23.75126
71.95013, 23.662384
72.95013, 23.667212
73.95013, 23.651098
74.95013, 23.651012
75.95013, 23.70005
76.95013, 23.677528
77.95013, 23.675024
78.95013, 23.663794
79.95013, 23.716497
80.95013, 23.718147
81.95013, 23.67739
82.95013, 23.725092
83.95013, 23.641747
84.95013, 23.69788
85.95013, 23.678646
86.95013, 23.728363
87.95013, 23.674261
88.95013, 23.659546
89.95013, 23.701258
90.95013, 23.699018
91.95013, 23.694485
92.95013, 23.662287
93.95013, 23.694542
94.95013, 23.719604
95.95013, 23.712925
96.95013, 23.663452
97.95013, 23.589716
98.95013, 23.579924
99.95013, 23.62659
100.95013, 23.625227
101.95013, 23.61552
102.95013, 23.69901
103.95013, 23.51241
104.95013, 23.565203
105.95013, 23.64588
106.95013, 23.638964
107.95013, 23.648598
108.95013, 23.607916
109.95013, 23.572216
110.95013, 23.57225
111.95013, 23.585575
112.95013, 23.615019
113.95013, 23.60992
114.95013, 23.718409
115.95013, 23.667952
116.95013, 23.63596
117.95013, 23.659414
118.95013, 23.550957
119.95013, 23.695805
120.95013, 23.711637
121.95013, 24.298922
122.95013, 25.024576
123.95013, 25.80772
124.95013, 26.70889
125.95013, 27.683983
126.95013, 28.614046
127.95013, 29.453785
128.95013, 29.976566
129.95013, 29.983541
130.95013, 29.846842
131.95013, 29.513012
132.95013, 29.20158
133.95013, 28.522715
134.95013, 27.591118
135.95013, 26.8746
136.95013, 26.190283
137.95013, 25.685883
138.95013, 25.173248
139.95013, 24.918808
140.95013, 24.649523
141.95013, 24.48546
142.95013, 24.357962
143.95013, 24.272758
144.95013, 24.124996
145.95013, 24.194595
146.95013, 24.062178
147.95013, 24.047892
148.95013, 24.023415
149.95013, 23.959248
150.95013, 23.903526
151.95013, 23.863474
152.95013, 23.892614
153.95013, 23.875689
154.95013, 23.860003
155.95013, 23.944536
156.95013, 23.788849
157.95013, 23.855347
158.95013, 23.864914
159.95013, 23.81934
160.95013, 23.749752
161.95013, 23.477407
162.95013, 22.10543
163.95013, 20.57959
164.95013, 18.829447
165.95013, 17.57841
166.95013, 17.105282
167.95013, 16.940546
168.95013, 16.486235
169.95013, 15.640832
170.95013, 14.911939
171.95013, 14.795697
172.95013, 14.144181
173.95013, 13.175262
174.95013, 12.309391
175.95013, 11.1185875
176.95013, 9.433808
177.95013, 8.166258
178.95013, 7.612602
179.95013, 8.036296
180.95013, 8.117122
181.95013, 9.469493
182.95013, 12.153333
183.95013, 14.416426
184.95013, 15.557365
185.95013, 16.091528
186.95013, 17.821848
187.95013, 18.098124
188.95013, 18.54316
189.95013, 18.878643
190.95013, 19.077162
191.95013, 18.728628
192.95013, 18.642498
193.95013, 18.521074
194.95013, 18.532942
195.95013, 18.364899
196.95013, 18.421972
197.95013, 18.333694
198.95013, 18.294529
199.95013, 17.565306
200.95013, 16.010775
201.95013, 15.273285
202.95013, 14.359406
203.95013, 13.673289
204.95013, 10.992788
205.95013, 7.359197
206.95013, 6.9722724
207.95013, 6.614622
208.95013, 4.1765327
209.95013, 0.0
210.95013, 2.5246787
211.95013, 4.502613
212.95013, 5.3520803
213.95013, 6.436272
214.95013, 7.7046366
215.95013, 8.787276
216.95013, 9.70781
217.95013, 9.53499
218.95013, 9.884717
219.95013, 10.389969
220.95013, 11.396843
221.95013, 12.575256
222.95013, 13.421564
223.95013, 14.380345
224.95013, 15.744017
225.95013, 17.144405
226.95013, 17.759342
227.95013, 17.434788
228.95013, 17.644663
229.95013, 17.632034
230.95013, 17.46981
231.95013, 17.472725
232.95013, 17.371567
233.95013, 17.56079
234.95013, 17.895082
235.95013, 17.928917
236.95013, 18.134546
237.95013, 18.267416
238.95013, 18.410837
239.95013, 18.462292
240.95013, 18.603062
241.95013, 18.550379
242.95013, 18.582909
243.95013, 18.620062
244.95013, 18.728954
245.95013, 19.10486
246.95013, 19.43547
247.95013, 19.761124
248.95013, 20.012917
249.95013, 20.344912
250.95013, 20.5285
251.95013, 20.688951
252.95013, 20.796917
253.95013, 20.885351
254.95013, 20.970604
255.95013, 21.008053
256.95013, 21.01806
257.95013, 21.008923
258.95013, 21.025265
259.95013, 20.976826
260.95013, 20.943682
261.95013, 20.942604
262.95013, 21.028185
263.95013, 20.999865
264.95013, 20.988253
265.95013, 21.058142
266.95013, 21.096851
267.95013, 21.088293
268.95013, 21.062141
269.95013, 21.122948
270.95013, 21.111052
271.95013, 21.140018
272.95013, 21.09928
273.95013, 21.035398
274.95013, 21.03005
275.95013, 21.129671
276.95013, 21.081316
277.95013, 21.16184
278.95013, 21.186874
279.95013, 21.197102
280.95013, 21.233007
281.95013, 21.240679
282.95013, 21.281387
283.95013, 21.28264
284.95013, 21.246222
285.95013, 21.17128
286.95013, 21.059317
287.95013, 21.076782
288.95013, 21.108004
289.95013, 21.071957
290.95013, 20.926104
291.95013, 20.594921
292.95013, 20.25335
293.95013, 20.100163
294.95013, 19.842405
295.95013, 19.54572
296.95013, 19.384684
297.95013, 19.344778
298.95013, 19.262526
299.95013, 19.184378
300.95013, 19.158497
301.95013, 19.146395
302.95013, 19.228996
303.95013, 19.322245
304.95013, 19.260372
305.95013, 19.334734
306.95013, 19.367249
307.95013, 19.399765
308.95013, 19.443718
309.95013, 19.421896
310.95013, 19.501347
311.95013, 19.42015
312.95013, 19.43826
313.95013, 19.397184
314.95013, 19.396286
315.95013, 19.476185
316.95013, 19.549501
317.95013, 19.55299
318.95013, 19.8805
319.95013, 20.255333
320.95013, 20.518423
321.95013, 20.705383
322.95013, 21.314875
323.95013, 21.996063
324.95013, 22.697561
325.95013, 22.926325
326.95013, 22.864456
327.95013, 22.719482
328.95013, 22.405422
329.95013, 22.215952
330.95013, 21.805365
331.95013, 21.708002
332.95013, 21.661888
333.95013, 21.720497
334.95013, 21.648767
335.95013, 21.878838
336.95013, 21.971413
337.95013, 22.085081
338.95013, 22.332935
339.95013, 22.3689
340.95013, 22.477116
341.95013, 22.63005
342.95013, 22.639597
343.95013, 22.619818
344.95013, 22.727982
345.95013, 22.743015
346.95013, 22.806046
347.95013, 22.778584
348.95013, 22.804947
349.95013, 22.83081
350.95013, 22.809214
351.95013, 22.831398
352.95013, 22.799528
353.95013, 22.876493
354.95013, 22.762625
355.95013, 22.793648
356.95013, 22.82771
357.95013, 22.80134
358.95013, 22.741606
359.95013, 22.80027
360.95013, 21.751715
361.95013, 20.914852
362.95013, 20.334093
363.95013, 19.694593
364.95013, 19.385256
365.95013, 19.316765
366.95013, 19.188404
367.95013, 19.20886
368.95013, 19.08744
369.95013, 19.010418
370.95013, 18.677961
371.95013, 18.413244
372.95013, 18.476425
373.95013, 18.828066
374.95013, 18.819632
375.95013, 18.384
376.95013, 18.112404
377.95013, 18.04921
378.95013, 17.820189
379.95013, 17.374886
380.95013, 15.915574
381.95013, 13.828069
382.95013, 12.648373
383.95013, 11.750661
384.95013, 11.228215
385.95013, 11.179318
386.95013, 10.272726
387.95013, 9.326407
388.95013, 8.232773
389.95013, 7.499405
390.95013, 7.4872165
391.95013, 6.845048
392.95013, 6.566347
393.95013, 6.8371778
394.95013, 8.348225
395.95013, 9.844868
396.95013, 11.211389
397.95013, 12.553831
398.95013, 13.317558
399.95013, 14.235118
400.95013, 15.341773
401.95013, 15.860618
402.95013, 16.163239
403.95013, 16.497114
404.95013, 16.829649
405.95013, 17.67269
406.95013, 18.75486
407.95013, 18.663755
408.95013, 18.39816
409.95013, 18.146255
410.95013, 17.818083
411.95013, 17.584572
412.95013, 16.464006
413.95013, 15.375836
414.95013, 14.642164
415.95013, 13.519747
416.95013, 12.190524
417.95013, 11.180845
418.95013, 9.599049
419.95013, 8.000381
420.95013, 6.196853
421.95013, 4.4528017
422.95013, 2.552623
423.95013, 0.0
424.95013, 0.0
425.95013, 0.0
426.95013, 0.0
427.95013, 0.0
428.95013, 0.0
429.95013, 0.0
430.95013, 0.0
431.95013, 0.0
432.95013, 0.0
433.95013, 0.0
434.95013, 0.0
435.95013, 0.0
436.95013, 0.0
437.95013, 0.0
438.95013, 0.0
439.95013, 0.0
440.95013, 0.0
441.95013, 0.0
442.95013, 0.0
443.95013, 0.0
444.95013, 0.0
445.95013, 3.333425
446.95013, 4.464124
447.95013, 5.5920434
448.95013, 6.2621245
449.95013, 6.647545
450.95013, 6.448385
451.95013, 6.361421
452.95013, 6.466905
453.95013, 6.3361187
454.95013, 5.8173504
455.95013, 4.7706895
456.95013, 3.0118346
457.95013, 0.6245379
458.95013, 0.0
459.95013, 0.0
460.95013, 0.0
461.95013, 0.0
462.95013, 0.0
463.95013, 0.0
464.95013, 0.0
465.95013, 0.0
466.95013, 0.0
467.95013, 0.0
468.95013, 0.0
469.95013, 0.0
470.95013, 0.0
471.95013, 0.0
472.95013, 0.0
473.95013, 0.0
474.95013, 0.0
475.95013, 0.0
476.95013, 0.0
477.95013, 0.0
478.95013, 0.0
479.95013, 0.0
480.95013, 0.0
481.95013, 0.0
482.95013, 0.0
483.95013, 0.0
484.95013, 0.0
485.95013, 0.0
486.95013, 0.0
487.95013, 0.0
488.95013, 0.0
489.95013, 0.0
490.95013, 0.0
491.95013, 0.0
492.95013, 0.0
493.95013, 0.0
494.95013, 0.0
495.95013, 0.7951673
496.95013, 3.9286816
497.95013, 4.9658566
498.95013, 5.845591
499.95013, 6.0451226
500.95013, 7.6751146
501.95013, 9.204732
502.95013, 9.972263
503.95013, 11.402198
504.95013, 12.04438
505.95013, 12.381464
506.95013, 12.373364
507.95013, 12.025128
508.95013, 12.03189
509.95013, 12.229655
510.95013, 12.318992
511.95013, 12.666264
512.95013, 12.908191
513.95013, 12.758202
514.95013, 12.534046
515.95013, 11.461605
516.95013, 10.0101795
517.95013, 8.853467
518.95013, 7.4688497
519.95013, 4.1198754
520.95013, 1.0834625
521.95013, 0.5833432
522.95013, 1.082977
523.95013, 4.855664
524.95013, 5.9120855
525.95013, 6.3883495
526.95013, 6.984103
527.95013, 8.323117
528.95013, 9.40764
529.95013, 10.722271
530.95013, 11.432523
531.95013, 12.222395
532.95013, 12.601709
533.95013, 12.73616
534.95013, 12.897463
535.95013, 12.880953
536.95013, 12.664273
537.95013, 12.176485
538.95013, 11.292461
539.95013, 9.809835
540.95013, 7.4666414
541.95013, 5.163883
542.95013, 3.919821
543.95013, 3.6620715
544.95013, 3.174753
545.95013, 2.313079
546.95013, 1.9353851
547.95013, 1.874705
548.95013, 3.0297604
549.95013, 3.893151
550.95013, 5.0724053
551.95013, 6.439971
552.95013, 7.658117
553.95013, 8.354945
554.95013, 8.364309
555.95013, 7.5719967
556.95013, 6.4947505
557.95013, 5.0049515
558.95013, 3.2729623
559.95013, 0.0
560.95013, 0.0
561.95013, 0.0
562.95013, 0.0
563.95013, 0.0
564.95013, 0.0
565.95013, 0.0
