# Recording timestamp: 2018-12-25 16:47:25
# Recording note: driving home
0.17483869, 10.626223
0.67483866, 10.626223
1.1748387, 10.604608
1.6748387, 10.604608
2.1748388, 10.535183
2.6748388, 10.535183
3.1748388, 10.650141
3.6748388, 10.650141
4.1748385, 11.029708
4.6748385, 11.029708
5.1748385, 11.421883
5.6748385, 11.421883
6.1748385, 11.748798
6.6748385, 11.748798
7.1748385, 11.848163
7.6748385, 11.848163
8.174839, 11.791255
8.674839, 11.791255
9.174839, 11.613216
9.674839, 11.613216
10.174839, 11.41332
10.674839, 11.41332
11.174839, 11.234167
11.674839, 11.234167
12.174839, 11.103004
12.674839, 11.103004
13.174839, 11.2520075
13.674839, 11.2520075
14.174839, 11.179852
14.674839, 11.179852
15.174839, 10.981873
15.674839, 10.981873
16.174839, 10.59221
16.674839, 10.59221
17.174839, 10.357024
17.674839, 10.357024
18.174839, 10.1120615
18.674839, 10.1120615
19.174839, 9.879377
19.674839, 9.879377
20.174839, 9.564386
20.674839, 9.564386
21.174839, 9.118213
21.674839, 9.118213
22.174839, 8.672395
22.674839, 8.672395
23.174839, 8.589157
23.674839, 8.589157
24.174839, 8.827695
24.674839, 8.827695
25.174839, 9.745053
25.674839, 9.745053
26.174839, 11.639857
26.674839, 11.639857
27.174839, 13.950675
27.674839, 13.950675
28.174839, 15.839386
28.674839, 15.839386
29.174839, 17.415903
29.674839, 17.415903
30.174839, 18.583315
30.674839, 18.583315
31.174839, 20.255709
31.674839, 20.255709
32.17484, 21.010017
32.67484, 21.010017
33.17484, 21.766506
33.67484, 21.766506
34.17484, 22.609095
34.67484, 22.609095
35.17484, 23.32185
35.67484, 23.32185
36.17484, 22.835138
36.67484, 22.835138
37.17484, 22.417225
37.67484, 22.417225
38.17484, 22.0047
38.67484, 22.0047
39.17484, 21.745895
39.67484, 21.745895
40.17484, 21.453491
40.67484, 21.453491
41.17484, 21.266197
41.67484, 21.266197
42.17484, 20.90148
42.67484, 20.90148
43.17484, 21.039589
43.67484, 21.039589
44.17484, 21.158451
44.67484, 21.158451
45.17484, 21.341454
45.67484, 21.341454
46.17484, 21.506887
46.67484, 21.506887
47.17484, 21.67565
47.67484, 21.67565
48.17484, 22.146782
48.67484, 22.146782
49.17484, 22.420086
49.67484, 22.420086
50.17484, 23.026976
50.67484, 23.026976
51.17484, 23.467432
51.67484, 23.467432
52.17484, 23.851109
52.67484, 23.851109
53.17484, 24.231567
53.67484, 24.231567
54.17484, 26.949108
54.67484, 26.949108
55.17484, 27.522692
55.67484, 27.522692
56.17484, 28.630537
56.67484, 28.630537
57.17484, 29.437107
57.67484, 29.437107
58.17484, 29.74437
58.67484, 29.74437
59.17484, 30.313784
59.67484, 30.313784
60.17484, 31.02964
60.67484, 31.02964
61.17484, 31.650959
61.67484, 31.650959
62.17484, 31.755806
62.67484, 31.755806
63.17484, 31.723576
63.67484, 31.723576
64.174835, 31.968313
64.674835, 31.968313
65.174835, 31.724945
65.674835, 31.724945
66.174835, 31.400784
66.674835, 31.400784
67.174835, 31.21127
67.674835, 31.21127
68.174835, 31.242296
68.674835, 31.242296
69.174835, 31.272997
69.674835, 31.272997
70.174835, 31.437809
70.674835, 31.437809
71.174835, 31.466934
71.674835, 31.466934
72.174835, 31.384909
72.674835, 31.384909
73.174835, 31.208817
73.674835, 31.208817
74.174835, 30.937922
74.674835, 30.937922
75.174835, 30.617374
75.674835, 30.617374
76.174835, 30.430014
76.674835, 30.430014
77.174835, 30.685629
77.674835, 30.685629
78.174835, 30.796675
78.674835, 30.796675
79.174835, 31.080019
79.674835, 31.080019
80.174835, 30.17612
80.674835, 30.17612
81.174835, 26.910067
81.674835, 26.910067
82.174835, 26.315096
82.674835, 26.315096
83.174835, 26.36091
83.674835, 26.36091
84.174835, 26.567331
84.674835, 26.567331
85.174835, 27.233772
85.674835, 27.233772
86.174835, 27.39684
86.674835, 27.39684
87.174835, 27.873098
87.674835, 27.873098
88.174835, 28.29715
88.674835, 28.29715
89.174835, 28.359425
89.674835, 28.359425
90.174835, 28.612965
90.674835, 28.612965
91.174835, 28.94858
91.674835, 28.94858
92.174835, 29.332514
92.674835, 29.332514
93.174835, 29.684845
93.674835, 29.684845
94.174835, 29.482271
94.674835, 29.482271
95.174835, 29.17992
95.674835, 29.17992
96.174835, 28.689077
96.674835, 28.689077
97.174835, 28.189587
97.674835, 28.189587
98.174835, 27.108541
98.674835, 27.108541
99.174835, 26.794233
99.674835, 26.794233
100.174835, 27.030611
100.674835, 27.030611
101.174835, 27.436823
101.674835, 27.436823
102.174835, 27.637333
102.674835, 27.637333
103.174835, 27.747658
103.674835, 27.747658
104.174835, 28.047087
104.674835, 28.047087
105.174835, 28.580038
105.674835, 28.580038
106.174835, 28.940569
106.674835, 28.940569
107.174835, 29.245745
107.674835, 29.245745
108.174835, 29.215067
108.674835, 29.215067
109.174835, 29.385393
109.674835, 29.385393
110.174835, 29.517942
110.674835, 29.517942
111.174835, 29.597849
111.674835, 29.597849
112.174835, 29.514753
112.674835, 29.514753
113.174835, 29.36426
113.674835, 29.36426
114.174835, 29.13846
114.674835, 29.13846
115.174835, 29.055395
115.674835, 29.055395
116.174835, 29.003199
116.674835, 29.003199
117.174835, 28.947243
117.674835, 28.947243
118.174835, 28.61066
118.674835, 28.61066
119.174835, 28.414991
119.674835, 28.414991
120.174835, 28.235016
120.674835, 28.235016
121.174835, 27.972565
121.674835, 27.972565
122.174835, 27.943523
122.674835, 27.943523
123.174835, 27.769201
123.674835, 27.769201
124.174835, 27.591011
124.674835, 27.591011
125.174835, 27.331131
125.674835, 27.331131
126.174835, 27.62231
126.674835, 27.62231
127.174835, 27.88044
127.674835, 27.88044
128.17484, 28.202742
128.67484, 28.202742
129.17484, 28.250557
129.67484, 28.250557
130.17484, 28.375357
130.67484, 28.375357
131.17484, 28.490587
131.67484, 28.490587
132.17484, 28.298758
132.67484, 28.298758
133.17484, 27.942242
133.67484, 27.942242
134.17484, 27.583443
134.67484, 27.583443
135.17484, 27.15543
135.67484, 27.15543
136.17484, 26.869307
136.67484, 26.869307
137.17484, 26.533836
137.67484, 26.533836
138.17484, 26.36362
138.67484, 26.36362
139.17484, 26.694254
139.67484, 26.694254
140.17484, 27.078026
140.67484, 27.078026
141.17484, 27.351133
141.67484, 27.351133
142.17484, 27.324213
142.67484, 27.324213
143.17484, 27.20372
143.67484, 27.20372
144.17484, 27.226643
144.67484, 27.226643
145.17484, 27.453903
145.67484, 27.453903
146.17484, 27.780756
146.67484, 27.780756
147.17484, 28.000473
147.67484, 28.000473
148.17484, 28.248213
148.67484, 28.248213
149.17484, 28.438845
149.67484, 28.438845
150.17484, 28.6157
150.67484, 28.6157
151.17484, 28.795282
151.67484, 28.795282
152.17484, 28.916166
152.67484, 28.916166
153.17484, 29.003168
153.67484, 29.003168
154.17484, 29.299686
154.67484, 29.299686
155.17484, 29.52128
155.67484, 29.52128
156.17484, 29.606201
156.67484, 29.606201
157.17484, 29.902578
157.67484, 29.902578
158.17484, 29.999138
158.67484, 29.999138
159.17484, 29.82423
159.67484, 29.82423
160.17484, 29.59713
160.67484, 29.59713
161.17484, 29.340893
161.67484, 29.340893
162.17484, 29.381454
162.67484, 29.381454
163.17484, 29.427158
163.67484, 29.427158
164.17484, 29.651237
164.67484, 29.651237
165.17484, 29.883862
165.67484, 29.883862
166.17484, 29.965652
166.67484, 29.965652
167.17484, 30.089966
167.67484, 30.089966
168.17484, 30.164341
168.67484, 30.164341
169.17484, 29.652348
169.67484, 29.652348
170.17484, 29.61351
170.67484, 29.61351
171.17484, 29.519686
171.67484, 29.519686
172.17484, 29.556498
172.67484, 29.556498
173.17484, 29.578814
173.67484, 29.578814
174.17484, 29.385256
174.67484, 29.385256
175.17484, 29.01021
175.67484, 29.01021
176.17484, 28.733183
176.67484, 28.733183
177.17484, 28.442842
177.67484, 28.442842
178.17484, 28.277655
178.67484, 28.277655
179.17484, 28.001867
179.67484, 28.001867
180.17484, 27.763027
180.67484, 27.763027
181.17484, 27.55434
181.67484, 27.55434
182.17484, 27.290895
182.67484, 27.290895
183.17484, 27.195148
183.67484, 27.195148
184.17484, 27.10189
184.67484, 27.10189
185.17484, 27.082306
185.67484, 27.082306
186.17484, 27.001768
186.67484, 27.001768
187.17484, 26.765715
187.67484, 26.765715
188.17484, 26.720623
188.67484, 26.720623
189.17484, 26.76169
189.67484, 26.76169
190.17484, 26.871181
190.67484, 26.871181
191.17484, 26.807146
191.67484, 26.807146
192.17484, 26.49465
192.67484, 26.49465
193.17484, 26.452545
193.67484, 26.452545
194.17484, 26.206396
194.67484, 26.206396
195.17484, 25.87101
195.67484, 25.87101
196.17484, 25.342207
196.67484, 25.342207
197.17484, 25.171408
197.67484, 25.171408
198.17484, 24.769835
198.67484, 24.769835
199.17484, 24.64639
199.67484, 24.64639
200.17484, 24.65652
200.67484, 24.65652
201.17484, 24.769108
201.67484, 24.769108
202.17484, 24.881775
202.67484, 24.881775
203.17484, 25.01599
203.67484, 25.01599
204.17484, 25.073435
204.67484, 25.073435
205.17484, 25.214228
205.67484, 25.214228
206.17484, 25.274786
206.67484, 25.274786
207.17484, 25.285486
207.67484, 25.285486
208.17484, 25.302591
208.67484, 25.302591
209.17484, 25.148508
209.67484, 25.148508
210.17484, 25.014242
210.67484, 25.014242
211.17484, 25.079838
211.67484, 25.079838
212.17484, 25.425833
212.67484, 25.425833
213.17484, 25.836905
213.67484, 25.836905
214.17484, 26.256453
214.67484, 26.256453
215.17484, 26.334583
215.67484, 26.334583
216.17484, 25.969227
216.67484, 25.969227
217.17484, 25.779415
217.67484, 25.779415
218.17484, 25.596224
218.67484, 25.596224
219.17484, 25.5611
219.67484, 25.5611
220.17484, 25.307236
220.67484, 25.307236
221.17484, 25.373903
221.67484, 25.373903
222.17484, 24.916225
222.67484, 24.916225
223.17484, 24.642977
223.67484, 24.642977
224.17484, 23.969364
224.67484, 23.969364
225.17484, 23.33409
225.67484, 23.33409
226.17484, 23.044918
226.67484, 23.044918
227.17484, 22.633554
227.67484, 22.633554
228.17484, 22.295027
228.67484, 22.295027
229.17484, 22.065472
229.67484, 22.065472
230.17484, 21.712986
230.67484, 21.712986
231.17484, 21.3944
231.67484, 21.3944
232.17484, 21.187317
232.67484, 21.187317
233.17484, 21.784925
233.67484, 21.784925
234.17484, 22.144583
234.67484, 22.144583
235.17484, 22.557558
235.67484, 22.557558
236.17484, 22.930052
236.67484, 22.930052
237.17484, 23.125704
237.67484, 23.125704
238.17484, 23.581163
238.67484, 23.581163
239.17484, 23.927984
239.67484, 23.927984
240.17484, 23.950125
240.67484, 23.950125
241.17484, 24.401014
241.67484, 24.401014
242.17484, 24.796839
242.67484, 24.796839
243.17484, 25.224888
243.67484, 25.224888
244.17484, 25.514257
244.67484, 25.514257
245.17484, 25.958956
245.67484, 25.958956
246.17484, 25.96248
246.67484, 25.96248
247.17484, 25.649494
247.67484, 25.649494
248.17484, 25.560373
248.67484, 25.560373
249.17484, 25.239113
249.67484, 25.239113
250.17484, 25.096235
250.67484, 25.096235
251.17484, 24.821611
251.67484, 24.821611
252.17484, 24.030811
252.67484, 24.030811
253.17484, 23.20329
253.67484, 23.20329
254.17484, 22.794867
254.67484, 22.794867
255.17484, 22.555332
255.67484, 22.555332
256.17484, 22.02132
256.67484, 22.02132
257.17484, 21.814754
257.67484, 21.814754
258.17484, 21.671036
258.67484, 21.671036
259.17484, 21.453945
259.67484, 21.453945
260.17484, 21.46152
260.67484, 21.46152
261.17484, 21.288427
261.67484, 21.288427
262.17484, 20.986668
262.67484, 20.986668
263.17484, 20.690546
263.67484, 20.690546
264.17484, 20.538496
264.67484, 20.538496
265.17484, 20.438
265.67484, 20.438
266.17484, 20.319977
266.67484, 20.319977
267.17484, 20.242208
267.67484, 20.242208
268.17484, 20.209393
268.67484, 20.209393
269.17484, 20.359201
269.67484, 20.359201
270.17484, 20.701384
270.67484, 20.701384
271.17484, 20.988075
271.67484, 20.988075
272.17484, 21.059278
272.67484, 21.059278
273.17484, 21.216032
273.67484, 21.216032
274.17484, 21.556828
274.67484, 21.556828
275.17484, 21.711666
275.67484, 21.711666
276.17484, 21.680807
276.67484, 21.680807
277.17484, 21.802982
277.67484, 21.802982
278.17484, 21.78994
278.67484, 21.78994
279.17484, 21.747252
279.67484, 21.747252
280.17484, 21.720829
280.67484, 21.720829
281.17484, 21.728249
281.67484, 21.728249
282.17484, 21.670404
282.67484, 21.670404
283.17484, 21.49649
283.67484, 21.49649
284.17484, 21.219479
284.67484, 21.219479
285.17484, 20.870003
285.67484, 20.870003
286.17484, 20.574522
286.67484, 20.574522
287.17484, 20.299166
287.67484, 20.299166
288.17484, 20.055079
288.67484, 20.055079
289.17484, 19.676752
289.67484, 19.676752
290.17484, 18.53937
290.67484, 18.53937
291.17484, 17.287102
291.67484, 17.287102
292.17484, 16.79074
292.67484, 16.79074
293.17484, 16.959057
293.67484, 16.959057
294.17484, 17.207176
294.67484, 17.207176
295.17484, 16.981085
295.67484, 16.981085
296.17484, 16.887495
296.67484, 16.887495
297.17484, 17.456284
297.67484, 17.456284
298.17484, 17.684643
298.67484, 17.684643
299.17484, 18.045473
299.67484, 18.045473
300.17484, 18.286203
300.67484, 18.286203
301.17484, 18.203175
301.67484, 18.203175
302.17484, 18.21504
302.67484, 18.21504
303.17484, 18.372906
303.67484, 18.372906
304.17484, 18.673006
304.67484, 18.673006
305.17484, 18.97734
305.67484, 18.97734
306.17484, 19.13245
306.67484, 19.13245
307.17484, 19.037752
307.67484, 19.037752
308.17484, 18.628819
308.67484, 18.628819
309.17484, 18.337769
309.67484, 18.337769
310.17484, 18.402115
310.67484, 18.402115
311.17484, 18.380632
311.67484, 18.380632
312.17484, 18.356634
312.67484, 18.356634
313.17484, 18.231146
313.67484, 18.231146
314.17484, 16.696434
314.67484, 16.696434
315.17484, 13.336024
315.67484, 13.336024
316.17484, 9.562276
316.67484, 9.562276
317.17484, 7.2400565
317.67484, 7.2400565
318.17484, 4.770147
318.67484, 4.770147
319.17484, 4.478351
319.67484, 4.478351
320.17484, 4.3908696
320.67484, 4.3908696
321.17484, 2.924642
321.67484, 2.924642
322.17484, 0.0
322.67484, 0.0
323.17484, 0.0
323.67484, 0.0
324.17484, 0.0
324.67484, 0.0
325.17484, 0.0
325.67484, 0.0
326.17484, 0.0
326.67484, 0.0
327.17484, 0.0
327.67484, 0.0
328.17484, 0.0
328.67484, 0.0
329.17484, 0.0
329.67484, 0.0
330.17484, 0.0
330.67484, 0.0
331.17484, 0.0
331.67484, 0.0
332.17484, 0.0
332.67484, 0.0
333.17484, 0.0
333.67484, 0.0
334.17484, 0.0
334.67484, 0.0
335.17484, 0.0
335.67484, 0.0
336.17484, 0.0
336.67484, 0.0
337.17484, 0.0
337.67484, 0.0
338.17484, 0.0
338.67484, 0.0
339.17484, 0.0
339.67484, 0.0
340.17484, 0.0
340.67484, 0.0
341.17484, 0.0
341.67484, 0.0
342.17484, 0.0
342.67484, 0.0
343.17484, 0.0
343.67484, 0.0
344.17484, 0.0
344.67484, 0.0
345.17484, 0.0
345.67484, 0.0
346.17484, 0.0
346.67484, 0.0
347.17484, 0.0
347.67484, 0.0
348.17484, 0.0
348.67484, 0.0
349.17484, 0.0
349.67484, 0.0
350.17484, 0.0
