# Recording timestamp: 2019-01-01 15:41:08
# Recording title: both rear windows open
# field: speed_samples
0.34085968, 17.150385
1.3408597, 17.050024
2.3408597, 17.652796
3.3408597, 17.91417
4.34086, 17.638783
5.34086, 17.659399
6.34086, 18.147144
7.34086, 18.819223
8.340859, 18.886917
9.340859, 18.713255
10.340859, 18.94992
11.340859, 18.970037
12.340859, 18.781145
13.340859, 18.538109
14.340859, 17.730162
15.340859, 16.711714
16.34086, 16.304075
17.34086, 17.12281
18.34086, 16.967516
19.34086, 16.728256
20.34086, 17.036335
21.34086, 17.450855
22.34086, 17.949278
23.34086, 18.46393
24.34086, 19.114016
25.34086, 19.359104
26.34086, 19.413239
27.34086, 19.330282
28.34086, 19.042288
29.34086, 18.819677
30.34086, 18.613474
31.34086, 18.366104
32.34086, 17.575363
33.34086, 16.608425
34.34086, 16.468966
35.34086, 16.466995
36.34086, 16.614378
37.34086, 16.679684
38.34086, 16.893476
39.34086, 16.779728
40.34086, 16.842674
41.34086, 17.489483
42.34086, 17.93814
43.34086, 18.30769
44.34086, 18.575743
45.34086, 18.826122
46.34086, 19.144604
47.34086, 19.399069
48.34086, 19.197916
49.34086, 19.03769
50.34086, 19.173658
51.34086, 19.508661
52.34086, 20.016665
53.34086, 20.33405
54.34086, 20.527515
55.34086, 20.307707
56.34086, 20.255758
57.34086, 20.249027
58.34086, 20.090881
59.34086, 19.95494
60.34086, 19.716106
61.34086, 19.596283
62.34086, 19.596283
63.34086, 19.596283
64.34086, 19.596283
65.34086, 19.596283
66.34086, 19.596283
67.34086, 19.596283
68.34086, 19.596283
69.34086, 19.596283
70.34086, 19.596283
71.34086, 19.596283
72.34086, 19.596283
73.34086, 19.596283
74.34086, 19.596283
75.34086, 19.596283
76.34086, 19.596283
77.34086, 18.231943
78.34086, 17.50947
79.34086, 17.242226
80.34086, 17.216202
81.34086, 17.47215
82.34086, 18.124292
83.34086, 18.50219
84.34086, 18.379025
85.34086, 18.678558
86.34086, 18.928265
87.34086, 19.650118
88.34086, 20.293846
89.34086, 20.800198
90.34086, 21.205748
91.34086, 21.94882
92.34086, 22.295132
93.34086, 22.929266
94.34086, 23.435734
95.34086, 23.88653
96.34086, 24.305159
97.34086, 24.668337
98.34086, 24.90036
99.34086, 25.147459
100.34086, 25.371637
101.34086, 25.228893
102.34086, 24.711462
103.34086, 24.228199
104.34086, 23.990253
105.34086, 24.037737
106.34086, 24.133091
107.34086, 24.137707
108.34086, 24.132568
109.34086, 24.08592
110.34086, 23.81133
111.34086, 23.893915
112.34086, 23.85441
113.34086, 23.694658
114.34086, 23.204546
115.34086, 22.859583
116.34086, 22.232666
117.34086, 21.825647
118.34086, 21.063858
119.34086, 20.448595
120.34086, 20.396412
121.34086, 20.70495
122.34086, 20.884338
123.34086, 21.241957
124.34086, 21.554722
125.34086, 21.418056
126.34086, 21.761652
127.34086, 22.044914
128.34087, 22.322035
129.34087, 22.48953
130.34087, 22.634348
131.34087, 22.75416
132.34087, 23.000568
133.34087, 23.09964
134.34087, 23.210737
135.34087, 23.39323
136.34087, 23.251205
137.34087, 23.203096
138.34087, 23.161545
139.34087, 23.128546
140.34087, 23.13168
141.34087, 23.21595
142.34087, 23.28918
143.34087, 23.348415
144.34087, 23.382113
145.34087, 23.41181
146.34087, 23.46143
147.34087, 23.42895
148.34087, 23.224741
149.34087, 23.238155
150.34087, 23.347927
151.34087, 23.509968
152.34087, 23.648327
153.34087, 23.849777
154.34087, 24.050098
155.34087, 24.074898
156.34087, 24.24629
157.34087, 24.368074
158.34087, 24.387486
159.34087, 24.65718
160.34087, 24.825308
161.34087, 24.906824
162.34087, 25.090261
163.34087, 25.155949
164.34087, 25.265535
165.34087, 25.391838
166.34087, 25.44002
167.34087, 25.167711
168.34087, 24.814135
169.34087, 24.485903
170.34087, 24.703016
171.34087, 25.049488
172.34087, 25.332691
173.34087, 25.652496
174.34087, 25.97627
175.34087, 26.209988
176.34087, 26.382355
177.34087, 26.359575
178.34087, 26.46967
179.34087, 26.51254
180.34087, 26.450697
181.34087, 26.460588
182.34087, 26.492407
183.34087, 26.49456
184.34087, 26.550003
185.34087, 26.59674
186.34087, 26.639921
187.34087, 26.644579
188.34087, 26.288069
189.34087, 26.006449
190.34087, 25.566172
191.34087, 25.089727
192.34087, 24.764816
193.34087, 24.26061
194.34087, 23.799232
195.34087, 23.82102
196.34087, 23.969845
197.34087, 24.070347
198.34087, 24.144361
199.34087, 24.191565
200.34087, 24.243395
201.34087, 24.28603
202.34087, 24.320395
203.34087, 24.356497
204.34087, 24.305964
205.34087, 24.375195
206.34087, 24.406487
207.34087, 24.412987
208.34087, 24.451967
209.34087, 24.41829
210.34087, 24.418121
211.34087, 24.446505
212.34087, 24.380219
213.34087, 24.322664
214.34087, 24.250458
215.34087, 24.188868
216.34087, 24.132744
217.34087, 24.077875
218.34087, 24.021095
219.34087, 24.088652
220.34087, 24.081326
221.34087, 24.068544
222.34087, 24.034191
223.34087, 24.086508
224.34087, 24.124823
225.34087, 24.178272
226.34087, 24.191498
227.34087, 24.25107
228.34087, 24.187817
229.34087, 24.204264
230.34087, 24.143908
231.34087, 24.123844
232.34087, 24.128912
233.34087, 24.118544
234.34087, 24.120386
235.34087, 24.097713
236.34087, 24.147776
237.34087, 24.128178
238.34087, 24.157927
239.34087, 24.181652
240.34087, 24.159601
241.34087, 24.20458
242.34087, 24.066107
243.34087, 24.193
244.34087, 24.049805
245.34087, 24.068748
246.34087, 24.099154
247.34087, 24.031033
248.34087, 24.05981
249.34087, 24.08955
250.34087, 24.086777
251.34087, 24.178608
252.34087, 24.16573
253.34087, 24.247604
254.34087, 24.427835
255.34087, 24.34317
256.34085, 24.054893
257.34085, 23.414104
258.34085, 22.778425
259.34085, 22.205318
260.34085, 22.10802
261.34085, 22.506023
262.34085, 22.419403
263.34085, 22.404154
264.34085, 22.29533
265.34085, 22.167542
266.34085, 22.187447
267.34085, 22.188005
268.34085, 22.226604
269.34085, 22.226532
270.34085, 22.286396
271.34085, 22.52361
272.34085, 23.200438
273.34085, 23.874464
274.34085, 24.623804
275.34085, 24.822298
276.34085, 24.688765
277.34085, 24.542467
278.34085, 24.671886
279.34085, 24.780668
280.34085, 25.447008
281.34085, 25.841824
282.34085, 25.62606
283.34085, 25.463242
284.34085, 25.485888
285.34085, 25.400732
286.34085, 25.408535
287.34085, 25.35048
288.34085, 25.328014
289.34085, 25.46387
290.34085, 25.458614
291.34085, 25.40094
292.34085, 25.427504
293.34085, 25.439547
294.34085, 25.432386
295.34085, 25.46228
296.34085, 25.459192
297.34085, 25.515451
298.34085, 25.391768
299.34085, 25.459547
300.34085, 25.68989
301.34085, 25.4581
302.34085, 25.523314
303.34085, 25.890575
304.34085, 26.316486
305.34085, 27.064026
306.34085, 26.86441
307.34085, 26.741613
308.34085, 26.618639
309.34085, 26.538303
310.34085, 26.542257
311.34085, 26.587444
312.34085, 26.566605
313.34085, 26.494953
314.34085, 26.487333
315.34085, 26.426313
316.34085, 26.473534
317.34085, 26.49356
318.34085, 26.48238
319.34085, 26.436897
320.34085, 26.429111
321.34085, 26.407064
322.34085, 26.45129
323.34085, 26.439259
324.34085, 26.360327
325.34085, 26.361012
326.34085, 26.336565
327.34085, 26.435253
328.34085, 26.428286
329.34085, 26.396427
330.34085, 26.387823
331.34085, 26.417778
332.34085, 26.384804
333.34085, 26.405098
334.34085, 26.35346
335.34085, 26.387318
336.34085, 26.36816
337.34085, 26.418468
338.34085, 26.413229
339.34085, 26.381609
340.34085, 26.369967
341.34085, 26.349815
342.34085, 26.350075
343.34085, 26.422836
344.34085, 26.464258
345.34085, 26.481352
346.34085, 26.389254
347.34085, 26.438454
348.34085, 26.482224
349.34085, 26.50259
350.34085, 26.555756
351.34085, 26.594223
352.34085, 26.622402
353.34085, 26.603975
354.34085, 26.583628
355.34085, 26.557148
356.34085, 26.501186
357.34085, 26.49779
358.34085, 26.44797
359.34085, 26.439754
360.34085, 26.50399
361.34085, 26.44556
362.34085, 26.50517
363.34085, 26.593037
364.34085, 26.60401
365.34085, 26.547958
366.34085, 26.531685
367.34085, 26.526913
368.34085, 26.518782
369.34085, 26.485025
370.34085, 26.420815
371.34085, 26.064838
372.34085, 25.693407
373.34085, 25.141207
374.34085, 25.046343
375.34085, 25.184862
376.34085, 25.214867
377.34085, 25.961744
378.34085, 26.408216
379.34085, 26.287376
380.34085, 26.098106
381.34085, 26.047434
382.34085, 26.224394
383.34085, 26.310036
384.34085, 26.564491
385.34085, 27.611687
386.34085, 28.180443
387.34085, 28.24806
388.34085, 28.39949
389.34085, 28.261076
390.34085, 28.224682
391.34085, 28.15276
392.34085, 28.190481
393.34085, 28.28919
394.34085, 28.183435
395.34085, 28.19097
396.34085, 28.065752
397.34085, 28.153975
398.34085, 28.17313
399.34085, 28.220089
400.34085, 28.156002
401.34085, 28.153366
402.34085, 28.209833
403.34085, 28.26394
404.34085, 28.23792
405.34085, 28.207167
406.34085, 28.237566
407.34085, 28.217562
408.34085, 28.163435
409.34085, 28.154762
410.34085, 28.096369
411.34085, 28.092426
412.34085, 28.03605
413.34085, 28.075441
414.34085, 28.072775
415.34085, 28.030502
416.34085, 28.09995
417.34085, 28.095427
418.34085, 28.096277
419.34085, 28.148201
420.34085, 28.159254
421.34085, 28.123888
422.34085, 28.127676
423.34085, 28.070469
424.34085, 28.156513
425.34085, 28.052094
426.34085, 28.090319
427.34085, 28.081339
428.34085, 28.077744
429.34085, 28.133871
430.34085, 28.109367
431.34085, 28.135975
432.34085, 28.114895
433.34085, 28.141853
434.34085, 28.21556
435.34085, 28.227242
436.34085, 28.251337
437.34085, 28.262188
438.34085, 28.283558
439.34085, 28.240778
440.34085, 28.226585
441.34085, 28.246693
442.34085, 28.234692
443.34085, 28.205576
444.34085, 28.234571
445.34085, 28.272118
446.34085, 28.225193
447.34085, 28.23664
448.34085, 28.211746
449.34085, 28.234207
450.34085, 28.188076
451.34085, 28.186666
452.34085, 28.22222
453.34085, 28.216167
454.34085, 28.21996
455.34085, 28.20708
456.34085, 28.187366
457.34085, 28.15873
458.34085, 28.153156
459.34085, 28.147457
460.34085, 28.168852
461.34085, 28.190943
462.34085, 28.1544
463.34085, 28.322104
464.34085, 28.361715
465.34085, 28.17837
466.34085, 28.14604
467.34085, 28.139221
468.34085, 28.055353
469.34085, 28.083319
470.34085, 28.130375
471.34085, 28.073963
472.34085, 28.108429
473.34085, 28.07797
474.34085, 28.059996
475.34085, 28.018097
476.34085, 28.034403
477.34085, 28.118032
478.34085, 28.04918
479.34085, 28.120659
480.34085, 28.08677
481.34085, 28.090097
482.34085, 28.103317
483.34085, 28.148249
484.34085, 28.137669
485.34085, 28.14372
486.34085, 28.102314
487.34085, 28.152462
488.34085, 28.161827
489.34085, 28.160664
490.34085, 28.125494
491.34085, 28.203436
492.34085, 28.163979
493.34085, 28.225836
494.34085, 28.225586
495.34085, 28.250292
496.34085, 28.282225
497.34085, 28.213675
498.34085, 28.188229
499.34085, 28.200811
500.34085, 28.257956
501.34085, 28.201414
502.34085, 28.200977
503.34085, 28.226913
504.34085, 28.175406
505.34085, 28.20169
506.34085, 28.29815
507.34085, 28.209747
508.34085, 28.220205
509.34085, 28.196537
510.34085, 28.201069
511.34085, 28.186426
512.3409, 28.228102
513.3409, 28.467026
514.3409, 29.0327
515.3409, 29.706562
516.3409, 30.338837
517.3409, 30.816977
518.3409, 30.956879
519.3409, 30.947407
520.3409, 31.08555
521.3409, 31.03109
522.3409, 31.005178
523.3409, 30.985527
524.3409, 30.995272
525.3409, 30.96647
526.3409, 30.93251
527.3409, 30.931423
528.3409, 30.969007
529.3409, 31.027468
530.3409, 31.03733
531.3409, 31.044796
532.3409, 31.121006
533.3409, 31.080532
534.3409, 31.021402
535.3409, 31.05369
536.3409, 31.06865
537.3409, 31.052605
538.3409, 31.040216
539.3409, 31.005375
540.3409, 31.068062
541.3409, 31.08615
542.3409, 31.042305
543.3409, 31.016642
544.3409, 31.032907
545.3409, 31.030397
546.3409, 30.953915
547.3409, 30.918385
548.3409, 30.892769
549.3409, 30.88032
550.3409, 30.83856
551.3409, 30.854616
552.3409, 30.86142
553.3409, 30.823738
554.3409, 30.83315
555.3409, 30.830269
556.3409, 30.852116
557.3409, 30.903805
558.3409, 31.04731
559.3409, 31.488104
560.3409, 31.971258
561.3409, 32.012707
562.3409, 31.955591
563.3409, 32.221275
564.3409, 32.275043
565.3409, 32.047302
566.3409, 32.065773
567.3409, 32.106586
568.3409, 32.026005
569.3409, 31.593824
570.3409, 30.871431
571.3409, 30.579887
572.3409, 30.843937
573.3409, 30.854221
574.3409, 30.921526
575.3409, 30.925337
576.3409, 30.946722
577.3409, 30.904806
578.3409, 30.892729
579.3409, 30.960732
580.3409, 30.952797
581.3409, 30.99677
582.3409, 31.009668
583.3409, 30.99535
584.3409, 31.005596
585.3409, 31.025476
586.3409, 31.030567
587.3409, 30.88324
588.3409, 30.524693
589.3409, 30.28378
590.3409, 30.099035
591.3409, 29.879015
592.3409, 29.532982
593.3409, 29.405138
594.3409, 29.22101
595.3409, 29.110094
596.3409, 29.005016
597.3409, 28.947712
598.3409, 28.897795
599.3409, 28.867403
600.3409, 28.846264
601.3409, 28.791021
602.3409, 28.837278
603.3409, 28.922852
604.3409, 28.889246
605.3409, 28.863602
606.3409, 28.873524
607.3409, 28.897072
608.3409, 28.876839
609.3409, 28.787539
610.3409, 28.885736
611.3409, 28.784777
612.3409, 28.834797
613.3409, 28.863176
614.3409, 28.871555
615.3409, 28.91057
616.3409, 28.905834
617.3409, 28.8785
618.3409, 28.82471
619.3409, 28.864162
620.3409, 28.87993
621.3409, 28.882002
622.3409, 28.947588
623.3409, 28.919327
624.3409, 28.952982
625.3409, 29.0048
626.3409, 28.994463
627.3409, 28.899275
628.3409, 29.038256
629.3409, 29.060444
630.3409, 29.069517
631.3409, 29.07966
632.3409, 29.059992
633.3409, 29.07279
634.3409, 29.05694
635.3409, 29.058395
636.3409, 29.055319
637.3409, 29.041487
638.3409, 29.044628
639.3409, 28.96458
640.3409, 28.943157
641.3409, 28.952618
642.3409, 28.950588
643.3409, 29.004702
644.3409, 29.116188
645.3409, 29.071869
646.3409, 29.020071
647.3409, 29.135357
648.3409, 29.099516
649.3409, 29.11525
650.3409, 29.04288
651.3409, 29.069292
652.3409, 29.083546
653.3409, 29.074017
654.3409, 29.05223
655.3409, 29.017483
656.3409, 29.029535
657.3409, 29.06297
658.3409, 29.063786
659.3409, 28.912512
660.3409, 28.65144
661.3409, 27.904816
662.3409, 27.710524
663.3409, 27.717903
664.3409, 27.67847
665.3409, 27.615267
666.3409, 27.57854
667.3409, 27.545694
668.3409, 27.510447
669.3409, 27.480564
670.3409, 27.415556
671.3409, 27.411318
672.3409, 27.391376
673.3409, 27.405897
674.3409, 27.403471
675.3409, 27.2927
676.3409, 27.313204
677.3409, 27.227592
678.3409, 27.209631
679.3409, 27.224588
680.3409, 27.169674
681.3409, 27.177153
682.3409, 27.052813
683.3409, 27.060629
684.3409, 27.090958
685.3409, 27.0401
686.3409, 27.069012
687.3409, 27.089596
688.3409, 27.13818
689.3409, 27.14659
690.3409, 27.324709
691.3409, 27.760086
692.3409, 28.48627
693.3409, 28.828684
694.3409, 28.567635
695.3409, 28.509315
696.3409, 28.545994
697.3409, 28.528084
698.3409, 28.448591
699.3409, 28.436115
700.3409, 28.465937
701.3409, 28.477438
702.3409, 28.515995
703.3409, 28.482294
704.3409, 28.451494
705.3409, 28.525541
706.3409, 28.47009
707.3409, 28.583183
708.3409, 28.483614
709.3409, 28.489008
710.3409, 28.480143
711.3409, 28.0129
712.3409, 27.223337
713.3409, 26.481457
714.3409, 25.777906
715.3409, 25.533909
716.3409, 25.708912
717.3409, 25.633135
718.3409, 25.669918
719.3409, 25.637571
720.3409, 25.656443
721.3409, 26.096655
722.3409, 26.800526
723.3409, 27.56252
724.3409, 28.0049
725.3409, 28.685787
726.3409, 29.273024
727.3409, 29.35083
728.3409, 29.189753
729.3409, 29.053934
730.3409, 29.1206
731.3409, 29.656675
732.3409, 29.837118
733.3409, 29.697107
734.3409, 29.704584
735.3409, 29.792524
736.3409, 30.347227
737.3409, 30.891346
738.3409, 30.886219
739.3409, 30.720453
740.3409, 30.703556
741.3409, 30.719534
742.3409, 30.75373
743.3409, 30.76035
744.3409, 30.786547
745.3409, 30.74107
746.3409, 30.68145
747.3409, 30.706615
748.3409, 30.713715
749.3409, 30.674238
750.3409, 30.618824
751.3409, 30.634548
752.3409, 30.560965
753.3409, 30.528557
754.3409, 30.459082
755.3409, 30.47976
756.3409, 30.488573
757.3409, 30.512316
758.3409, 30.439585
759.3409, 30.480497
760.3409, 30.427135
761.3409, 30.463419
762.3409, 30.43461
763.3409, 30.521606
764.3409, 30.729282
765.3409, 31.314856
766.3409, 32.000095
767.3409, 32.010593
768.3409, 31.788097
769.3409, 31.797413
770.3409, 31.778278
771.3409, 31.782124
772.3409, 31.720211
773.3409, 31.75192
774.3409, 31.754023
775.3409, 31.377144
776.3409, 30.630232
777.3409, 30.568758
778.3409, 30.789877
779.3409, 30.849834
780.3409, 30.8727
781.3409, 30.980867
782.3409, 30.974571
783.3409, 31.02121
784.3409, 31.052277
785.3409, 31.047853
786.3409, 30.927086
787.3409, 31.06256
788.3409, 31.091763
789.3409, 31.107939
790.3409, 31.082752
791.3409, 31.12108
792.3409, 31.13891
793.3409, 31.177185
794.3409, 31.121925
795.3409, 31.11427
796.3409, 31.195375
797.3409, 31.13135
798.3409, 31.114899
799.3409, 31.160643
800.3409, 31.131426
801.3409, 31.101015
802.3409, 31.102827
803.3409, 31.144157
804.3409, 31.09804
805.3409, 31.098064
806.3409, 31.14337
807.3409, 31.18983
808.3409, 31.225996
809.3409, 31.239786
810.3409, 31.115124
811.3409, 31.13238
812.3409, 31.078314
813.3409, 31.3312
814.3409, 31.90298
815.3409, 32.59491
816.3409, 33.161884
817.3409, 33.752213
818.3409, 33.918213
819.3409, 33.94494
820.3409, 34.036194
821.3409, 34.075314
822.3409, 34.205112
823.3409, 34.19605
824.3409, 34.28098
825.3409, 34.28503
826.3409, 34.29926
827.3409, 34.296654
828.3409, 34.247623
829.3409, 34.327316
830.3409, 34.26281
831.3409, 34.245777
832.3409, 34.228348
833.3409, 34.180634
834.3409, 34.115955
835.3409, 34.16229
836.3409, 34.165794
837.3409, 34.125225
838.3409, 34.135902
839.3409, 34.153393
840.3409, 34.582977
841.3409, 34.82767
842.3409, 35.104683
843.3409, 35.53223
844.3409, 35.724037
845.3409, 35.918392
846.3409, 35.98724
847.3409, 36.09682
848.3409, 36.096867
849.3409, 35.913425
850.3409, 35.765415
851.3409, 35.519505
852.3409, 35.308575
853.3409, 35.13605
854.3409, 35.083477
855.3409, 34.960476
856.3409, 34.987404
857.3409, 34.72344
858.3409, 34.433434
859.3409, 34.384556
860.3409, 33.94186
861.3409, 33.44808
862.3409, 33.27579
863.3409, 33.329407
864.3409, 33.462765
865.3409, 33.532505
866.3409, 33.506145
867.3409, 33.49184
868.3409, 33.45957
869.3409, 33.448437
870.3409, 33.420815
871.3409, 33.378498
872.3409, 33.279602
873.3409, 33.202682
874.3409, 33.152164
875.3409, 33.110962
876.3409, 33.09388
877.3409, 33.06298
878.3409, 33.035717
879.3409, 33.081814
880.3409, 33.058247
881.3409, 33.15336
882.3409, 33.99224
883.3409, 34.400734
884.3409, 34.381794
885.3409, 34.371067
886.3409, 34.740818
887.3409, 34.80118
888.3409, 34.641075
889.3409, 34.62178
890.3409, 34.641853
891.3409, 34.717888
892.3409, 34.683582
893.3409, 34.764076
894.3409, 34.65426
895.3409, 34.635788
896.3409, 34.65397
897.3409, 34.61486
898.3409, 34.65779
899.3409, 34.56474
900.3409, 34.61252
901.3409, 34.623966
902.3409, 34.55192
903.3409, 34.57159
904.3409, 34.57178
905.3409, 34.52777
906.3409, 34.507187
907.3409, 34.495934
908.3409, 34.52033
909.3409, 34.383984
910.3409, 33.56565
911.3409, 32.830414
912.3409, 32.21607
913.3409, 31.576067
914.3409, 30.964945
915.3409, 30.333637
916.3409, 30.122263
917.3409, 30.370075
918.3409, 30.423052
919.3409, 30.47735
920.3409, 30.504541
921.3409, 30.585363
922.3409, 30.542494
923.3409, 30.604706
924.3409, 30.58025
925.3409, 30.67243
926.3409, 30.640272
927.3409, 30.184584
928.3409, 29.571009
929.3409, 29.626863
930.3409, 29.737144
931.3409, 29.906837
932.3409, 29.874983
933.3409, 30.018795
934.3409, 29.961868
935.3409, 29.926647
936.3409, 29.969307
937.3409, 29.969019
938.3409, 29.984028
939.3409, 29.981733
940.3409, 29.962141
941.3409, 29.647472
942.3409, 29.330086
943.3409, 29.476292
944.3409, 29.488451
945.3409, 29.627438
946.3409, 29.559122
947.3409, 29.581831
948.3409, 29.465769
949.3409, 29.490711
950.3409, 29.572056
951.3409, 29.430393
952.3409, 29.415026
953.3409, 29.354261
954.3409, 29.309042
955.3409, 28.738794
956.3409, 27.53458
957.3409, 25.652016
958.3409, 23.78578
959.3409, 22.614195
960.3409, 21.041391
961.3409, 19.837412
962.3409, 17.794731
963.3409, 16.213299
964.3409, 15.679103
965.3409, 15.312487
966.3409, 14.984992
967.3409, 14.539401
968.3409, 14.416413
969.3409, 14.407485
970.3409, 14.461021
971.3409, 15.420385
972.3409, 17.450077
973.3409, 18.905575
974.3409, 20.092419
975.3409, 20.409794
976.3409, 20.531834
977.3409, 20.851938
978.3409, 20.755598
979.3409, 20.136135
980.3409, 19.693682
981.3409, 19.547855
982.3409, 19.053078
983.3409, 19.286953
984.3409, 19.738432
985.3409, 20.14544
986.3409, 20.35034
987.3409, 20.503716
988.3409, 20.123169
989.3409, 20.123169
990.3409, 20.123169
991.3409, 20.123169
992.3409, 20.123169
993.3409, 20.123169
994.3409, 20.123169
995.3409, 20.123169
996.3409, 20.123169
997.3409, 20.123169
998.3409, 20.123169
999.3409, 20.123169
1000.3409, 20.123169
1001.3409, 20.123169
1002.3409, 20.123169
1003.3409, 20.123169
1004.3409, 20.123169
1005.3409, 20.123169
1006.3409, 20.123169
1007.3409, 20.123169
1008.3409, 20.123169
1009.3409, 20.123169
1010.3409, 20.439194
1011.3409, 20.701988
1012.3409, 21.540493
1013.3409, 21.551888
1014.3409, 20.948845
1015.3409, 20.889107
1016.3409, 20.571177
1017.3409, 20.543137
1018.3409, 20.977522
1019.3409, 21.647083
1020.3409, 22.37965
1021.3409, 22.930649
1022.3409, 23.59707
1023.3409, 23.97517
1024.3408, 24.44357
1025.3408, 24.705862
1026.3408, 24.352938
1027.3408, 23.871218
1028.3408, 23.93153
1029.3408, 23.940443
1030.3408, 23.957674
1031.3408, 23.989769
1032.3408, 24.288767
1033.3408, 24.817005
1034.3408, 25.10405
1035.3408, 24.760458
1036.3408, 24.515469
1037.3408, 24.271288
1038.3408, 24.00292
1039.3408, 23.727062
1040.3408, 23.53826
1041.3408, 23.235298
1042.3408, 23.018684
1043.3408, 22.71197
1044.3408, 22.422428
1045.3408, 22.218264
1046.3408, 21.916653
1047.3408, 21.638783
1048.3408, 21.380177
1049.3408, 21.19342
1050.3408, 22.301453
1051.3408, 24.07689
1052.3408, 25.06999
1053.3408, 25.88185
1054.3408, 26.625854
1055.3408, 26.795652
1056.3408, 26.533648
1057.3408, 26.157064
1058.3408, 25.844988
1059.3408, 25.565123
1060.3408, 25.28175
1061.3408, 24.982723
1062.3408, 24.644186
1063.3408, 24.375315
1064.3408, 24.893461
1065.3408, 25.129347
1066.3408, 25.203157
1067.3408, 24.937977
1068.3408, 24.602114
1069.3408, 24.565979
1070.3408, 24.555052
1071.3408, 24.709389
1072.3408, 25.00164
1073.3408, 25.0226
1074.3408, 25.31101
1075.3408, 25.380548
1076.3408, 25.738447
1077.3408, 25.98786
1078.3408, 26.264866
1079.3408, 26.180435
1080.3408, 26.503538
1081.3408, 26.568592
1082.3408, 26.63899
1083.3408, 26.804783
1084.3408, 26.882654
1085.3408, 26.932539
1086.3408, 26.961563
1087.3408, 26.700497
1088.3408, 26.291582
1089.3408, 25.583412
1090.3408, 25.055775
1091.3408, 24.903885
1092.3408, 24.490753
1093.3408, 24.179026
1094.3408, 24.12425
1095.3408, 24.106333
1096.3408, 24.12034
1097.3408, 24.254482
1098.3408, 24.620415
1099.3408, 24.79034
1100.3408, 24.40493
1101.3408, 24.062075
1102.3408, 23.929821
1103.3408, 23.866457
1104.3408, 23.663092
1105.3408, 23.460943
1106.3408, 23.64862
1107.3408, 23.669077
1108.3408, 23.740274
1109.3408, 23.583147
1110.3408, 23.510078
1111.3408, 23.226864
1112.3408, 22.961403
1113.3408, 22.652922
1114.3408, 22.847107
1115.3408, 23.259468
1116.3408, 23.780785
1117.3408, 23.715052
1118.3408, 23.597216
1119.3408, 23.549986
1120.3408, 23.325285
1121.3408, 22.91995
1122.3408, 22.542055
1123.3408, 22.605604
1124.3408, 22.430616
1125.3408, 22.162989
1126.3408, 22.02879
1127.3408, 22.141989
1128.3408, 22.261408
1129.3408, 22.423409
1130.3408, 22.51162
1131.3408, 22.731838
1132.3408, 22.715712
1133.3408, 23.056522
1134.3408, 23.072596
1135.3408, 23.2069
1136.3408, 23.320982
1137.3408, 23.372364
1138.3408, 23.493694
1139.3408, 23.600418
1140.3408, 23.680897
1141.3408, 23.767458
1142.3408, 23.740805
1143.3408, 23.79721
1144.3408, 24.36977
1145.3408, 24.92791
1146.3408, 25.705442
1147.3408, 25.975542
1148.3408, 26.392946
1149.3408, 26.810566
1150.3408, 27.094263
1151.3408, 26.931053
1152.3408, 26.261456
1153.3408, 25.381996
1154.3408, 24.403841
1155.3408, 23.852375
1156.3408, 23.645319
1157.3408, 23.534393
1158.3408, 23.638012
1159.3408, 24.007599
1160.3408, 23.984415
1161.3408, 23.876589
1162.3408, 23.933865
1163.3408, 24.143509
1164.3408, 24.354235
1165.3408, 24.71523
1166.3408, 24.932325
1167.3408, 25.112
1168.3408, 25.240294
1169.3408, 25.423128
1170.3408, 25.498756
1171.3408, 25.714315
1172.3408, 25.898394
1173.3408, 26.119593
1174.3408, 26.0932
1175.3408, 26.101494
1176.3408, 25.798773
1177.3408, 25.743273
1178.3408, 25.447624
1179.3408, 25.368584
1180.3408, 25.438862
1181.3408, 25.472597
1182.3408, 25.51862
1183.3408, 25.607004
1184.3408, 25.757504
1185.3408, 25.84455
1186.3408, 25.944695
1187.3408, 26.025747
1188.3408, 26.036612
1189.3408, 26.200417
1190.3408, 26.1179
1191.3408, 26.001757
1192.3408, 25.67429
1193.3408, 25.38515
1194.3408, 25.033102
1195.3408, 24.803715
1196.3408, 24.722897
1197.3408, 24.74909
1198.3408, 24.698223
1199.3408, 24.593407
1200.3408, 24.513279
1201.3408, 24.454582
1202.3408, 24.472807
1203.3408, 24.435293
1204.3408, 24.352962
1205.3408, 24.121265
1206.3408, 24.076473
1207.3408, 24.070412
1208.3408, 24.009062
1209.3408, 23.99834
1210.3408, 23.945189
1211.3408, 23.912003
1212.3408, 24.078783
1213.3408, 24.173012
1214.3408, 24.32325
1215.3408, 24.370413
1216.3408, 24.44455
1217.3408, 24.395699
1218.3408, 24.392416
1219.3408, 24.440628
1220.3408, 24.541697
1221.3408, 24.730259
1222.3408, 24.807713
1223.3408, 24.53987
1224.3408, 24.732998
1225.3408, 24.425701
1226.3408, 24.388546
1227.3408, 24.220863
1228.3408, 24.174755
1229.3408, 24.171253
1230.3408, 24.118126
1231.3408, 24.084778
1232.3408, 24.068375
1233.3408, 24.030218
1234.3408, 24.028248
1235.3408, 24.023668
1236.3408, 24.052027
1237.3408, 24.126394
1238.3408, 24.198568
1239.3408, 24.400625
1240.3408, 24.377558
1241.3408, 24.371286
1242.3408, 24.639265
1243.3408, 24.998642
1244.3408, 24.60675
1245.3408, 24.186163
1246.3408, 23.979666
1247.3408, 23.660425
1248.3408, 23.388262
1249.3408, 23.070375
1250.3408, 22.67576
1251.3408, 22.409801
1252.3408, 22.258541
1253.3408, 22.25325
1254.3408, 22.140028
1255.3408, 21.998468
1256.3408, 22.229994
1257.3408, 22.358816
1258.3408, 22.52772
1259.3408, 22.980484
1260.3408, 23.452068
1261.3408, 23.887794
1262.3408, 24.106276
1263.3408, 24.186262
1264.3408, 24.174051
1265.3408, 24.02357
1266.3408, 24.292284
1267.3408, 24.280582
1268.3408, 24.316853
1269.3408, 24.430563
1270.3408, 24.471106
1271.3408, 24.449009
1272.3408, 24.44833
1273.3408, 24.410511
1274.3408, 24.458643
1275.3408, 24.407928
1276.3408, 24.391535
1277.3408, 24.326906
1278.3408, 24.327518
1279.3408, 24.349718
1280.3408, 24.39722
1281.3408, 24.376812
1282.3408, 24.322199
1283.3408, 24.371035
1284.3408, 24.355644
1285.3408, 24.472069
1286.3408, 24.483252
1287.3408, 24.499748
1288.3408, 24.508495
1289.3408, 24.511345
1290.3408, 24.157074
1291.3408, 24.030334
1292.3408, 24.248947
1293.3408, 24.278238
1294.3408, 24.504202
1295.3408, 24.665686
1296.3408, 24.79677
1297.3408, 24.908539
1298.3408, 25.086184
1299.3408, 25.225836
1300.3408, 25.306137
1301.3408, 25.380661
1302.3408, 25.081749
1303.3408, 24.963955
1304.3408, 24.515461
1305.3408, 24.315998
1306.3408, 24.218328
1307.3408, 24.21899
1308.3408, 24.357159
1309.3408, 24.290161
1310.3408, 24.167198
1311.3408, 24.06431
1312.3408, 23.984556
1313.3408, 24.058834
1314.3408, 24.034662
1315.3408, 24.047232
1316.3408, 23.964376
1317.3408, 24.126516
1318.3408, 24.132809
1319.3408, 24.156137
1320.3408, 24.20663
1321.3408, 24.248898
1322.3408, 24.468853
1323.3408, 24.2514
1324.3408, 24.126173
1325.3408, 24.104586
1326.3408, 24.169075
1327.3408, 24.255604
1328.3408, 24.130783
1329.3408, 24.296324
1330.3408, 24.26524
1331.3408, 24.319584
1332.3408, 24.227438
1333.3408, 24.18037
1334.3408, 24.044582
1335.3408, 23.921024
1336.3408, 23.866423
1337.3408, 23.841734
1338.3408, 23.885948
1339.3408, 23.947823
1340.3408, 23.996624
1341.3408, 24.08326
1342.3408, 24.045158
1343.3408, 23.923792
1344.3408, 23.573204
1345.3408, 23.355526
1346.3408, 23.239353
1347.3408, 23.253067
1348.3408, 23.292744
1349.3408, 22.91728
1350.3408, 22.968893
1351.3408, 23.083288
1352.3408, 22.953556
1353.3408, 22.77539
1354.3408, 22.398441
1355.3408, 22.543425
1356.3408, 22.854336
1357.3408, 22.723837
1358.3408, 23.210714
1359.3408, 23.557528
1360.3408, 23.310078
1361.3408, 23.442154
1362.3408, 23.401293
1363.3408, 23.347876
1364.3408, 23.457058
1365.3408, 23.864445
1366.3408, 24.140135
1367.3408, 25.063793
1368.3408, 26.110199
1369.3408, 26.247662
1370.3408, 25.939154
1371.3408, 25.69261
1372.3408, 25.377748
1373.3408, 25.039162
1374.3408, 25.206038
1375.3408, 25.20308
1376.3408, 24.952662
1377.3408, 24.697084
1378.3408, 24.409271
1379.3408, 24.168768
1380.3408, 23.940693
1381.3408, 23.65574
1382.3408, 23.473757
1383.3408, 23.25784
1384.3408, 22.941048
1385.3408, 22.731274
1386.3408, 22.517017
1387.3408, 22.41539
1388.3408, 22.251228
1389.3408, 22.405092
1390.3408, 22.569098
1391.3408, 22.889776
1392.3408, 23.304451
1393.3408, 23.574339
1394.3408, 23.96113
1395.3408, 24.078482
1396.3408, 24.366783
1397.3408, 24.351727
1398.3408, 24.481504
1399.3408, 24.60385
1400.3408, 24.701958
1401.3408, 24.836363
1402.3408, 24.756796
1403.3408, 24.75984
1404.3408, 24.673456
1405.3408, 24.775475
1406.3408, 24.957489
1407.3408, 24.965662
1408.3408, 24.852922
1409.3408, 24.812605
1410.3408, 24.65426
1411.3408, 24.465006
1412.3408, 24.11359
1413.3408, 23.96192
1414.3408, 23.951517
1415.3408, 24.073471
1416.3408, 24.116781
1417.3408, 24.181284
1418.3408, 24.348164
1419.3408, 24.318398
1420.3408, 24.141682
1421.3408, 24.059505
1422.3408, 23.745636
1423.3408, 23.508799
1424.3408, 23.199862
1425.3408, 23.045586
1426.3408, 23.087677
1427.3408, 23.223412
1428.3408, 23.365076
1429.3408, 23.427252
1430.3408, 23.378674
1431.3408, 23.37141
1432.3408, 23.49723
1433.3408, 23.524673
1434.3408, 23.69399
1435.3408, 23.57743
1436.3408, 23.54178
1437.3408, 23.421143
1438.3408, 23.302221
1439.3408, 23.97892
1440.3408, 23.912247
1441.3408, 24.023777
1442.3408, 24.143429
1443.3408, 24.495087
1444.3408, 24.740189
1445.3408, 24.588995
1446.3408, 24.288687
1447.3408, 23.997591
1448.3408, 24.01018
1449.3408, 24.696669
1450.3408, 25.715883
1451.3408, 26.6851
1452.3408, 27.319273
1453.3408, 27.608494
1454.3408, 27.87056
1455.3408, 28.07011
1456.3408, 27.875732
1457.3408, 28.072266
1458.3408, 28.007948
1459.3408, 27.973122
1460.3408, 27.95197
1461.3408, 27.975355
1462.3408, 28.003574
1463.3408, 27.883064
1464.3408, 27.96491
1465.3408, 27.888733
1466.3408, 27.914305
1467.3408, 27.974964
1468.3408, 27.980942
1469.3408, 27.946009
1470.3408, 27.932732
1471.3408, 27.931715
1472.3408, 27.925272
1473.3408, 27.910458
1474.3408, 27.973345
1475.3408, 27.855597
1476.3408, 27.91044
1477.3408, 27.89003
1478.3408, 27.937426
1479.3408, 27.896297
1480.3408, 27.968567
1481.3408, 27.97462
1482.3408, 27.820127
1483.3408, 27.900465
1484.3408, 27.831379
1485.3408, 27.870539
1486.3408, 27.867731
1487.3408, 27.792517
1488.3408, 27.8488
1489.3408, 27.8417
1490.3408, 27.705557
1491.3408, 27.67281
1492.3408, 27.51326
1493.3408, 27.831974
1494.3408, 27.766205
1495.3408, 27.811113
1496.3408, 27.948023
1497.3408, 27.735092
1498.3408, 27.578646
1499.3408, 27.336664
1500.3408, 26.264399
1501.3408, 22.973988
1502.3408, 22.06934
1503.3408, 21.19051
1504.3408, 20.434778
1505.3408, 18.692205
1506.3408, 17.992327
1507.3408, 17.440052
1508.3408, 17.475117
1509.3408, 18.101664
1510.3408, 18.242107
1511.3408, 18.767431
1512.3408, 19.354336
1513.3408, 19.798038
1514.3408, 19.776413
1515.3408, 19.881676
1516.3408, 20.207607
1517.3408, 20.522648
1518.3408, 20.847843
1519.3408, 20.984356
1520.3408, 20.701155
1521.3408, 20.773207
1522.3408, 20.809994
1523.3408, 20.881142
1524.3408, 20.844044
1525.3408, 20.969595
1526.3408, 21.204819
1527.3408, 21.315304
1528.3408, 21.352747
1529.3408, 21.896118
1530.3408, 22.299166
1531.3408, 22.634556
1532.3408, 23.06634
1533.3408, 23.30589
1534.3408, 23.389902
1535.3408, 23.7027
1536.3408, 23.898386
1537.3408, 24.193459
1538.3408, 24.414421
1539.3408, 24.401659
1540.3408, 24.166698
1541.3408, 24.055597
1542.3408, 24.069496
1543.3408, 23.797098
1544.3408, 23.9524
1545.3408, 24.031944
1546.3408, 24.055115
1547.3408, 23.817915
1548.3408, 23.503094
1549.3408, 23.678675
1550.3408, 23.824345
1551.3408, 24.078062
1552.3408, 24.258972
1553.3408, 24.425371
1554.3408, 24.570652
1555.3408, 24.749826
1556.3408, 24.810877
1557.3408, 24.870089
1558.3408, 24.954832
1559.3408, 25.011099
1560.3408, 25.126495
1561.3408, 25.080395
1562.3408, 24.944792
1563.3408, 24.800821
1564.3408, 24.50178
1565.3408, 24.284065
1566.3408, 24.102947
1567.3408, 24.108437
1568.3408, 24.134989
1569.3408, 24.110788
1570.3408, 23.79356
1571.3408, 23.619614
1572.3408, 23.887077
1573.3408, 24.314983
1574.3408, 24.772982
1575.3408, 25.143759
1576.3408, 25.503248
1577.3408, 25.658106
1578.3408, 25.806131
1579.3408, 25.789478
1580.3408, 25.464954
1581.3408, 24.795828
1582.3408, 24.443914
1583.3408, 24.142021
1584.3408, 23.90892
1585.3408, 23.685007
1586.3408, 23.46292
1587.3408, 23.455057
1588.3408, 23.517632
1589.3408, 23.48398
1590.3408, 23.532553
1591.3408, 23.438581
1592.3408, 23.80125
1593.3408, 24.063326
1594.3408, 24.279503
1595.3408, 24.427355
1596.3408, 24.590216
1597.3408, 24.76712
1598.3408, 24.84926
1599.3408, 24.818668
1600.3408, 24.593441
1601.3408, 24.280796
1602.3408, 24.039497
1603.3408, 23.836906
1604.3408, 23.616844
1605.3408, 23.595243
1606.3408, 23.686539
1607.3408, 23.73985
1608.3408, 24.010904
1609.3408, 24.348389
1610.3408, 24.959284
1611.3408, 25.444576
1612.3408, 25.711695
1613.3408, 25.572004
1614.3408, 25.39171
1615.3408, 25.145494
1616.3408, 24.635649
1617.3408, 24.442469
1618.3408, 24.320753
1619.3408, 24.458761
1620.3408, 24.70757
1621.3408, 24.891277
1622.3408, 25.08622
1623.3408, 25.011614
1624.3408, 25.08741
1625.3408, 25.412975
1626.3408, 25.643225
1627.3408, 25.566511
1628.3408, 25.290838
1629.3408, 25.004631
1630.3408, 24.004637
1631.3408, 23.416658
1632.3408, 23.351625
1633.3408, 23.028307
1634.3408, 22.994993
1635.3408, 22.87056
1636.3408, 22.66114
1637.3408, 22.470713
1638.3408, 22.28576
1639.3408, 22.013556
1640.3408, 21.694359
1641.3408, 21.47799
1642.3408, 21.255705
1643.3408, 21.549032
1644.3408, 21.854015
1645.3408, 22.869936
1646.3408, 23.459787
1647.3408, 24.303743
1648.3408, 24.995623
1649.3408, 25.71976
1650.3408, 26.184235
1651.3408, 26.441998
1652.3408, 26.762554
1653.3408, 27.195925
1654.3408, 27.47165
1655.3408, 27.289434
1656.3408, 27.024172
1657.3408, 26.68166
1658.3408, 26.499203
1659.3408, 26.099585
1660.3408, 25.794743
1661.3408, 25.573507
1662.3408, 25.209272
1663.3408, 24.89603
1664.3408, 24.600903
1665.3408, 24.29025
1666.3408, 23.977104
1667.3408, 23.675589
1668.3408, 23.27836
1669.3408, 22.99321
1670.3408, 22.707245
1671.3408, 22.39672
1672.3408, 22.145481
1673.3408, 22.400629
1674.3408, 22.716736
1675.3408, 22.972555
1676.3408, 23.101389
1677.3408, 23.361277
1678.3408, 23.517328
1679.3408, 23.647121
1680.3408, 23.690462
1681.3408, 23.694927
1682.3408, 23.791086
1683.3408, 24.05239
1684.3408, 24.30443
1685.3408, 24.484415
1686.3408, 24.556488
1687.3408, 24.850197
1688.3408, 24.983948
1689.3408, 25.045391
1690.3408, 25.287018
1691.3408, 25.282114
1692.3408, 25.340155
1693.3408, 25.240055
1694.3408, 25.121017
1695.3408, 25.115345
1696.3408, 24.803083
1697.3408, 24.440422
1698.3408, 24.110382
1699.3408, 23.79135
1700.3408, 23.451424
1701.3408, 23.558283
1702.3408, 23.639944
1703.3408, 23.676687
1704.3408, 23.430855
1705.3408, 23.090042
1706.3408, 22.777618
1707.3408, 22.724714
1708.3408, 22.647924
1709.3408, 22.415287
1710.3408, 22.172375
1711.3408, 21.926615
1712.3408, 21.743727
1713.3408, 21.428709
1714.3408, 21.456713
1715.3408, 20.817348
1716.3408, 20.418762
1717.3408, 20.075161
1718.3408, 19.635706
1719.3408, 19.103083
1720.3408, 18.551712
1721.3408, 18.049255
1722.3408, 17.404434
1723.3408, 16.444494
1724.3408, 15.825683
1725.3408, 15.385156
1726.3408, 15.069395
1727.3408, 14.853518
1728.3408, 14.608711
1729.3408, 14.475878
1730.3408, 14.646629
1731.3408, 14.727545
1732.3408, 14.424552
1733.3408, 13.673604
1734.3408, 12.403034
1735.3408, 11.554551
1736.3408, 11.253229
1737.3408, 11.263054
1738.3408, 11.046802
1739.3408, 11.535736
1740.3408, 11.987294
1741.3408, 13.127834
1742.3408, 14.086289
1743.3408, 15.291795
1744.3408, 17.325865
1745.3408, 18.849796
1746.3408, 20.32273
1747.3408, 21.00142
1748.3408, 21.207111
1749.3408, 20.717127
1750.3408, 20.24198
1751.3408, 19.789312
1752.3408, 19.449938
1753.3408, 19.056826
1754.3408, 18.584557
1755.3408, 18.193953
1756.3408, 17.690956
1757.3408, 17.40648
1758.3408, 16.919098
1759.3408, 15.866858
1760.3408, 14.996048
1761.3408, 14.354029
1762.3408, 14.008822
1763.3408, 13.520607
1764.3408, 12.832813
1765.3408, 11.143678
1766.3408, 9.792486
1767.3408, 9.373709
1768.3408, 9.236154
1769.3408, 8.629714
1770.3408, 7.290112
1771.3408, 6.2026324
1772.3408, 4.864494
1773.3408, 3.7188811
1774.3408, 3.3477006
1775.3408, 1.8653795
1776.3408, 0.0
1777.3408, 0.0
1778.3408, 0.0
1779.3408, 0.0
1780.3408, 0.0
1781.3408, 0.0
1782.3408, 0.0
1783.3408, 0.0
1784.3408, 0.0
1785.3408, 0.0
1786.3408, 0.0
1787.3408, 0.0
1788.3408, 0.0
1789.3408, 0.0
1790.3408, 0.0
1791.3408, 0.0
1792.3408, 0.0
1793.3408, 0.0
1794.3408, 0.0
1795.3408, 0.0
1796.3408, 0.0
1797.3408, 0.0
1798.3408, 0.0
1799.3408, 0.0
1800.3408, 0.0
1801.3408, 0.0
1802.3408, 0.0
1803.3408, 0.0
1804.3408, 0.0
1805.3408, 0.0
1806.3408, 0.0
1807.3408, 0.0
1808.3408, 0.0
1809.3408, 0.0
1810.3408, 3.9431596
1811.3408, 5.267944
1812.3408, 6.0795736
1813.3408, 6.402214
1814.3408, 6.158478
1815.3408, 6.2688007
1816.3408, 7.8581877
1817.3408, 8.3841915
1818.3408, 9.897734
1819.3408, 11.002909
1820.3408, 11.187547
1821.3408, 12.405889
1822.3408, 13.441291
1823.3408, 14.326965
1824.3408, 15.0758
1825.3408, 15.0984125
1826.3408, 14.764016
1827.3408, 14.21496
1828.3408, 13.708277
1829.3408, 13.933356
1830.3408, 14.210259
1831.3408, 14.350176
1832.3408, 14.469076
1833.3408, 14.801195
1834.3408, 14.874782
1835.3408, 14.874828
1836.3408, 14.827411
1837.3408, 14.8624735
1838.3408, 14.800285
1839.3408, 14.8358345
1840.3408, 14.767474
1841.3408, 14.788958
1842.3408, 14.682149
1843.3408, 14.1574955
1844.3408, 12.955553
1845.3408, 11.979661
1846.3408, 9.816605
1847.3408, 7.347133
1848.3408, 5.3034096
1849.3408, 3.310403
1850.3408, 1.3216248
1851.3408, 0.0
1852.3408, 0.0
1853.3408, 0.0
1854.3408, 3.8041205
1855.3408, 6.47761
1856.3408, 8.589603
1857.3408, 10.323905
1858.3408, 11.770422
1859.3408, 13.225649
1860.3408, 14.261174
1861.3408, 15.49502
1862.3408, 16.405489
1863.3408, 17.15459
1864.3408, 17.84829
1865.3408, 18.571808
1866.3408, 19.000761
1867.3408, 18.931355
1868.3408, 19.097408
1869.3408, 19.175999
1870.3408, 19.389511
1871.3408, 19.424809
1872.3408, 19.522383
1873.3408, 19.718855
1874.3408, 19.68903
1875.3408, 19.735258
1876.3408, 19.75562
1877.3408, 19.460085
1878.3408, 19.157068
1879.3408, 19.167206
1880.3408, 19.152262
1881.3408, 19.096146
1882.3408, 19.080671
1883.3408, 18.977478
1884.3408, 18.922218
1885.3408, 18.556911
1886.3408, 18.431625
1887.3408, 18.370453
1888.3408, 17.9834
1889.3408, 17.725803
1890.3408, 17.45296
1891.3408, 16.82343
1892.3408, 14.760373
1893.3408, 12.956452
1894.3408, 10.417404
1895.3408, 7.4525347
1896.3408, 5.063614
1897.3408, 2.4337175
1898.3408, 0.28514785
1899.3408, 0.0
1900.3408, 0.0
1901.3408, 0.0
1902.3408, 0.0
1903.3408, 0.0
1904.3408, 0.0
1905.3408, 0.0
1906.3408, 0.0
1907.3408, 0.0
1908.3408, 0.0
1909.3408, 0.0
1910.3408, 0.0
1911.3408, 0.0
1912.3408, 0.0
1913.3408, 0.0
1914.3408, 0.0
1915.3408, 0.0
1916.3408, 0.0
1917.3408, 0.0
1918.3408, 0.0
1919.3408, 0.0
1920.3408, 0.0
1921.3408, 0.0
1922.3408, 0.0
1923.3408, 0.0
1924.3408, 0.0
1925.3408, 0.0
1926.3408, 0.0
1927.3408, 0.0
1928.3408, 0.0
1929.3408, 0.0
1930.3408, 0.0
1931.3408, 0.0
1932.3408, 0.0
