# Recording timestamp: 2018-12-26 15:23:02
# Recording title: dtive home by route 6
# field: speed_samples
215.3728, 11.568795
216.3728, 1.1179203
217.3728, 6.121497
218.3728, 6.121497
219.3728, 10.532226
220.3728, 11.159538
221.3728, 11.476421
222.3728, 11.609738
223.3728, 11.485094
224.3728, 11.229843
225.3728, 10.875548
226.3728, 10.293232
227.3728, 9.604803
228.3728, 8.735705
229.3728, 7.7161508
230.3728, 6.389387
231.3728, 5.399007
232.3728, 5.131714
233.3728, 5.568383
234.3728, 6.092694
235.3728, 6.3338757
236.3728, 5.9223533
237.3728, 5.1766205
238.3728, 4.3484764
239.3728, 3.4028552
240.3728, 0.0
241.3728, 0.0
242.3728, 0.0
243.3728, 0.0
244.3728, 0.0
245.3728, 0.0
246.3728, 0.0
247.3728, 0.0
248.3728, 0.0
249.3728, 0.0
250.3728, 0.0
251.3728, 0.0
252.3728, 0.0
253.3728, 0.0
254.3728, 0.0
255.3728, 0.0
256.3728, 0.0
257.3728, 0.0
258.3728, 0.0
259.3728, 0.0
260.3728, 0.0
261.3728, 0.0
262.3728, 0.0
263.3728, 0.0
264.3728, 0.0
265.3728, 0.0
266.3728, 0.0
267.3728, 0.0
268.3728, 0.0
269.3728, 0.0
270.3728, 0.0
271.3728, 0.0
272.3728, 0.0
273.3728, 0.0
274.3728, 0.0
275.3728, 0.0
276.3728, 0.0
277.3728, 0.0
278.3728, 0.0
279.3728, 0.0
280.3728, 0.0
281.3728, 0.0
282.3728, 0.0
283.3728, 0.0
284.3728, 0.0
285.3728, 0.0
286.3728, 1.5696001
287.3728, 3.376881
288.3728, 5.1587725
289.3728, 6.6113725
290.3728, 8.130039
291.3728, 9.124159
292.3728, 10.151978
293.3728, 11.085702
294.3728, 11.6700945
295.3728, 11.8846245
296.3728, 12.020351
297.3728, 12.174063
298.3728, 12.669478
299.3728, 12.889252
300.3728, 12.902921
301.3728, 12.661861
302.3728, 12.426413
303.3728, 12.343752
304.3728, 12.215789
305.3728, 11.890984
306.3728, 11.48644
307.3728, 10.4770355
308.3728, 9.201868
309.3728, 7.907367
310.3728, 6.645662
311.3728, 5.5897827
312.3728, 4.5716
313.3728, 3.7261834
314.3728, 3.163562
315.3728, 2.4058263
316.3728, 0.0
317.3728, 0.0
318.3728, 0.0
319.3728, 0.0
320.3728, 0.0
321.3728, 0.0
322.3728, 0.0
323.3728, 0.0
324.3728, 0.0
325.3728, 0.0
326.3728, 0.0
327.3728, 0.0
328.3728, 0.0
329.3728, 0.0
330.3728, 0.0
331.3728, 0.0
332.3728, 0.0
333.3728, 0.0
334.3728, 0.0
335.3728, 0.0
336.3728, 0.0
337.3728, 0.0
338.3728, 0.0
339.3728, 0.0
340.3728, 0.0
341.3728, 0.0
342.3728, 0.0
343.3728, 0.0
344.3728, 0.0
345.3728, 0.0
346.3728, 0.0
347.3728, 0.0
348.3728, 0.0
349.3728, 0.0
350.3728, 0.0
351.3728, 0.0
352.3728, 0.0
353.3728, 0.0
354.3728, 0.0
355.3728, 0.0
356.3728, 0.45186368
357.3728, 1.632854
358.3728, 3.250417
359.3728, 4.559291
360.3728, 5.2594085
361.3728, 5.8783445
362.3728, 6.586024
363.3728, 7.0397363
364.3728, 6.995299
365.3728, 7.3173823
366.3728, 8.503508
367.3728, 9.88249
368.3728, 10.586604
369.3728, 10.646174
370.3728, 11.111374
371.3728, 11.349535
372.3728, 11.416315
373.3728, 11.345563
374.3728, 11.24652
375.3728, 11.255625
376.3728, 11.235189
377.3728, 11.151893
378.3728, 10.979933
379.3728, 10.852321
380.3728, 10.691917
381.3728, 9.741417
382.3728, 8.11261
383.3728, 6.717811
384.3728, 5.5107064
385.3728, 4.4491343
386.3728, 3.6417034
387.3728, 2.5763566
388.3728, 1.7380104
389.3728, 0.0
390.3728, 0.0
391.3728, 0.0
392.3728, 0.0
393.3728, 0.0
394.3728, 0.0
395.3728, 0.0
396.3728, 0.0
397.3728, 0.0
398.3728, 0.0
399.3728, 0.0
400.3728, 0.0
401.3728, 0.0
402.3728, 0.0
403.3728, 0.0
404.3728, 0.0
405.3728, 0.0
406.3728, 0.0
407.3728, 0.0
408.3728, 0.0
409.3728, 0.0
410.3728, 0.0
411.3728, 0.7416074
412.3728, 1.5294201
413.3728, 2.5083208
414.3728, 4.249563
415.3728, 4.9733276
416.3728, 5.305611
417.3728, 5.7122006
418.3728, 6.162414
419.3728, 6.1609426
420.3728, 5.805172
421.3728, 5.555396
422.3728, 5.717119
423.3728, 6.0583696
424.3728, 6.29415
425.3728, 7.954019
426.3728, 9.276879
427.3728, 10.208881
428.3728, 10.896019
429.3728, 11.44519
430.3728, 11.887124
431.3728, 11.954016
432.3728, 11.766088
433.3728, 11.488202
434.3728, 10.9457035
435.3728, 10.447642
436.3728, 9.953697
437.3728, 9.632751
438.3728, 9.5590925
439.3728, 9.717745
440.3728, 9.535526
441.3728, 9.108328
442.3728, 8.825776
443.3728, 8.387611
444.3728, 7.729648
445.3728, 7.486614
446.3728, 7.4019628
447.3728, 7.6477065
448.3728, 7.392274
449.3728, 6.7025237
450.3728, 5.8455415
451.3728, 5.6289573
452.3728, 6.2916837
453.3728, 7.3024583
454.3728, 8.38761
455.3728, 9.121491
456.3728, 9.834555
457.3728, 10.2727165
458.3728, 10.212001
459.3728, 9.8543825
460.3728, 9.436333
461.3728, 8.782573
462.3728, 8.218541
463.3728, 7.682132
464.3728, 6.922527
465.3728, 6.348107
466.3728, 6.095476
467.3728, 6.4190073
468.3728, 7.334006
469.3728, 8.118785
470.3728, 8.659453
471.3728, 8.939547
472.3728, 8.876567
473.3728, 8.60258
474.3728, 8.197406
475.3728, 7.808267
476.3728, 7.4200087
477.3728, 7.437118
478.3728, 7.7313886
479.3728, 8.378876
480.3728, 8.928074
481.3728, 9.528288
482.3728, 10.042405
483.3728, 10.386539
484.3728, 10.904224
485.3728, 11.211548
486.3728, 11.332951
487.3728, 11.438226
488.3728, 11.450173
489.3728, 11.464566
490.3728, 11.321343
491.3728, 11.036372
492.3728, 10.902015
493.3728, 10.725522
494.3728, 10.574067
495.3728, 10.756152
496.3728, 10.787002
497.3728, 10.877694
498.3728, 11.0078
499.3728, 10.772742
500.3728, 10.320915
501.3728, 9.705205
502.3728, 9.0614605
503.3728, 8.6690645
504.3728, 8.499296
505.3728, 8.422046
506.3728, 8.304577
507.3728, 8.341514
508.3728, 8.532202
509.3728, 9.1120825
510.3728, 9.43752
511.3728, 9.675157
512.3728, 9.9559
513.3728, 10.330086
514.3728, 10.564934
515.3728, 10.687613
516.3728, 10.756182
517.3728, 10.755905
518.3728, 10.839846
519.3728, 10.877447
520.3728, 10.833351
521.3728, 10.535939
522.3728, 10.011053
523.3728, 9.70323
524.3728, 9.56555
525.3728, 9.357842
526.3728, 8.728909
527.3728, 8.290487
528.3728, 8.187944
529.3728, 8.353836
530.3728, 8.766657
531.3728, 8.152911
532.3728, 6.667079
533.3728, 5.243073
534.3728, 4.4036207
535.3728, 4.157806
536.3728, 4.289141
537.3728, 4.680259
538.3728, 5.0004864
539.3728, 5.2587223
540.3728, 5.1096644
541.3728, 4.747785
542.3728, 4.7798433
543.3728, 5.023572
544.3728, 5.171835
545.3728, 5.164666
546.3728, 4.952363
547.3728, 4.744811
548.3728, 5.0885525
549.3728, 5.947375
550.3728, 7.002942
551.3728, 8.536071
552.3728, 9.735091
553.3728, 10.622298
554.3728, 11.039962
555.3728, 11.496498
556.3728, 11.717269
557.3728, 11.631786
558.3728, 11.656242
559.3728, 11.580549
560.3728, 11.344406
561.3728, 11.389404
562.3728, 11.340991
563.3728, 10.731392
564.3728, 9.5468
565.3728, 8.434194
566.3728, 7.5192842
567.3728, 6.8452473
568.3728, 6.384863
569.3728, 6.3046904
570.3728, 7.0908437
571.3728, 7.829304
572.3728, 8.501581
573.3728, 8.880743
574.3728, 9.355327
575.3728, 9.703728
576.3728, 10.135126
577.3728, 10.472086
578.3728, 10.74042
579.3728, 10.884337
580.3728, 10.757001
581.3728, 10.514525
582.3728, 10.323537
583.3728, 9.816689
584.3728, 9.324893
585.3728, 8.550192
586.3728, 7.8946447
587.3728, 7.638422
588.3728, 7.611719
589.3728, 7.4034605
590.3728, 6.8725567
591.3728, 6.471898
592.3728, 6.586029
593.3728, 6.8610454
594.3728, 7.087847
595.3728, 7.5030127
596.3728, 7.976383
597.3728, 8.795438
598.3728, 9.261801
599.3728, 9.64296
600.3728, 9.864293
601.3728, 9.919384
602.3728, 10.0715885
603.3728, 9.986634
604.3728, 9.526143
605.3728, 8.885294
606.3728, 8.34526
607.3728, 7.824054
608.3728, 7.5322924
609.3728, 7.275631
610.3728, 7.4707847
611.3728, 7.4921117
612.3728, 7.36918
613.3728, 7.2031665
614.3728, 7.2435474
615.3728, 7.4104104
616.3728, 7.6378145
617.3728, 7.552749
618.3728, 7.4526243
619.3728, 7.224464
620.3728, 6.903977
621.3728, 6.5464816
622.3728, 6.0413337
623.3728, 5.0197864
624.3728, 3.7689452
625.3728, 2.4389927
626.3728, 0.0
627.3728, 0.0
628.3728, 0.0
629.3728, 0.0
630.3728, 0.0
631.3728, 0.0
632.3728, 0.0
633.3728, 0.0
634.3728, 0.0
635.3728, 0.0
636.3728, 0.0
637.3728, 0.0
638.3728, 0.0
639.3728, 0.0
640.3728, 0.0
641.3728, 0.0
642.3728, 0.0
643.3728, 0.0
644.3728, 0.0
645.3728, 0.0
646.3728, 0.0
647.3728, 0.0
648.3728, 0.0
649.3728, 0.0
650.3728, 0.0
651.3728, 0.0
652.3728, 0.0
653.3728, 0.9284726
654.3728, 1.3331759
655.3728, 0.90218186
656.3728, 0.0
657.3728, 0.0
658.3728, 0.0
659.3728, 0.0
660.3728, 0.0
661.3728, 0.0
662.3728, 0.0
663.3728, 0.3531823
664.3728, 0.43125728
665.3728, 0.0
666.3728, 0.0
667.3728, 0.0
668.3728, 0.0
669.3728, 0.0
670.3728, 0.0
671.3728, 0.0
672.3728, 0.0
673.3728, 0.0
674.3728, 0.0
675.3728, 0.0
676.3728, 0.0
677.3728, 0.0
678.3728, 0.0
679.3728, 0.0
680.3728, 0.0
681.3728, 0.0
682.3728, 0.0
683.3728, 0.0
684.3728, 0.0
685.3728, 0.0
686.3728, 0.0
687.3728, 0.0
688.3728, 0.0
689.3728, 0.0
690.3728, 0.0
691.3728, 0.0
692.3728, 0.0
693.3728, 0.0
694.3728, 0.5585233
695.3728, 1.2722671
696.3728, 1.966746
697.3728, 2.4433866
698.3728, 3.4118426
699.3728, 4.148529
700.3728, 4.5154023
701.3728, 4.591517
702.3728, 4.2273955
703.3728, 3.764418
704.3728, 3.498362
705.3728, 3.4023747
706.3728, 3.2613845
707.3728, 2.938365
708.3728, 2.2761862
709.3728, 1.6592222
710.3728, 0.0
711.3728, 0.0
712.3728, 0.0
713.3728, 0.0
714.3728, 0.0
715.3728, 0.0
716.3728, 0.0
717.3728, 0.0
718.3728, 0.0
719.3728, 0.0
720.3728, 0.0
721.3728, 0.0
722.3728, 0.0
723.3728, 0.0
724.3728, 0.0
725.3728, 0.0
726.3728, 0.0
727.3728, 0.0
728.3728, 0.0
729.3728, 0.0
730.3728, 0.0
731.3728, 0.0
732.3728, 0.0
733.3728, 0.0
734.3728, 0.0
735.3728, 0.0
736.3728, 0.0
737.3728, 0.0
738.3728, 0.0
739.3728, 0.0
740.3728, 0.0
741.3728, 0.0
742.3728, 0.0
743.3728, 0.0
744.3728, 0.0
745.3728, 0.0
746.3728, 0.0
747.3728, 0.0
748.3728, 0.0
749.3728, 0.0
750.3728, 0.0
751.3728, 0.0
752.3728, 0.0
753.3728, 0.0
754.3728, 0.0
755.3728, 0.0
756.3728, 0.0
757.3728, 0.0
758.3728, 0.0
759.3728, 0.0
760.3728, 0.0
761.3728, 0.0
762.3728, 0.0
763.3728, 0.0
764.3728, 0.0
765.3728, 0.0
766.3728, 0.0
767.3728, 0.0
768.3728, 0.0
769.3728, 0.0
770.3728, 0.0
771.3728, 0.0
772.3728, 0.0
773.3728, 0.0
774.3728, 0.0
775.3728, 0.0
776.3728, 0.0
777.3728, 0.0
778.3728, 0.0
779.3728, 0.0
780.3728, 0.0
781.3728, 0.0
782.3728, 0.0
783.3728, 0.0
784.3728, 0.0
785.3728, 0.0
786.3728, 0.0
787.3728, 0.0
788.3728, 0.0
789.3728, 0.0
790.3728, 0.0
791.3728, 0.0
792.3728, 0.0
793.3728, 0.0
794.3728, 0.0
795.3728, 0.0
796.3728, 0.0
797.3728, 0.0
798.3728, 0.0
799.3728, 0.0
800.3728, 0.0
801.3728, 0.0
802.3728, 0.0
803.3728, 0.0
804.3728, 0.0
805.3728, 0.0
806.3728, 0.0
807.3728, 0.0
808.3728, 0.67278594
809.3728, 3.129133
810.3728, 5.0272875
811.3728, 6.0165644
812.3728, 6.314746
813.3728, 6.281302
814.3728, 7.2514696
815.3728, 8.988875
816.3728, 11.086895
817.3728, 12.952935
818.3728, 14.340138
819.3728, 15.075822
820.3728, 15.894425
821.3728, 16.756744
822.3728, 17.11008
823.3728, 17.040499
824.3728, 15.873397
825.3728, 15.958673
826.3728, 16.106962
827.3728, 16.14289
828.3728, 16.16859
829.3728, 15.862582
830.3728, 15.166043
831.3728, 14.495983
832.3728, 13.448833
833.3728, 12.788091
834.3728, 12.073298
835.3728, 11.126241
836.3728, 9.892191
837.3728, 9.13157
838.3728, 8.957917
839.3728, 9.673554
840.3728, 10.957203
841.3728, 12.038122
842.3728, 13.208877
843.3728, 14.163563
844.3728, 14.618195
845.3728, 15.142255
846.3728, 15.536671
847.3728, 16.07962
848.3728, 17.000109
849.3728, 17.81634
850.3728, 18.463366
851.3728, 19.286512
852.3728, 20.21066
853.3728, 19.875858
854.3728, 19.353207
855.3728, 19.39486
856.3728, 19.828974
857.3728, 20.430407
858.3728, 21.137184
859.3728, 21.437292
860.3728, 21.853575
861.3728, 22.345257
862.3728, 22.529934
863.3728, 22.75386
864.3728, 23.030027
865.3728, 23.092522
866.3728, 22.715876
867.3728, 21.889454
868.3728, 21.165293
869.3728, 20.510672
870.3728, 19.932596
871.3728, 19.880514
872.3728, 19.451145
873.3728, 19.100607
874.3728, 18.880821
875.3728, 18.400263
876.3728, 18.687033
877.3728, 19.374119
878.3728, 19.468351
879.3728, 19.602522
880.3728, 19.626387
881.3728, 19.395031
882.3728, 19.02688
883.3728, 18.635262
884.3728, 18.392263
885.3728, 18.08241
886.3728, 18.219624
887.3728, 17.703995
888.3728, 17.086973
889.3728, 16.26924
890.3728, 15.754399
891.3728, 15.823589
892.3728, 15.37789
893.3728, 15.095881
894.3728, 14.611253
895.3728, 14.633045
896.3728, 14.781452
897.3728, 14.596883
898.3728, 14.209221
899.3728, 13.965337
900.3728, 13.779235
901.3728, 13.557629
902.3728, 13.328929
903.3728, 13.364555
904.3728, 13.241486
905.3728, 13.084426
906.3728, 12.834467
907.3728, 12.30193
908.3728, 12.005867
909.3728, 11.334787
910.3728, 11.222806
911.3728, 10.881498
912.3728, 10.77831
913.3728, 10.780824
914.3728, 10.688424
915.3728, 10.359796
916.3728, 10.29488
917.3728, 9.837446
918.3728, 9.548982
919.3728, 9.185201
920.3728, 8.681647
921.3728, 8.345793
922.3728, 8.212017
923.3728, 8.054411
924.3728, 7.546691
925.3728, 7.2438707
926.3728, 6.9733987
927.3728, 6.400624
928.3728, 5.046919
929.3728, 4.0737085
930.3728, 3.593157
931.3728, 3.2863355
932.3728, 3.2383542
933.3728, 3.0275083
934.3728, 3.0954251
935.3728, 3.3347569
936.3728, 3.5056462
937.3728, 4.061903
938.3728, 5.0699124
939.3728, 6.1948824
940.3728, 7.0569344
941.3728, 7.899488
942.3728, 8.668598
943.3728, 9.142101
944.3728, 9.952805
945.3728, 10.721692
946.3728, 11.377762
947.3728, 11.771656
948.3728, 12.3751545
949.3728, 12.752469
950.3728, 13.178961
951.3728, 13.337406
952.3728, 13.18608
953.3728, 13.027935
954.3728, 12.9042635
955.3728, 12.573117
956.3728, 12.657362
957.3728, 13.134799
958.3728, 13.672562
959.3728, 13.967754
960.3728, 14.173929
961.3728, 14.824011
962.3728, 15.346595
963.3728, 15.951101
964.3728, 16.593016
965.3728, 17.024536
966.3728, 17.47028
967.3728, 17.769886
968.3728, 18.147913
969.3728, 18.539064
970.3728, 19.115932
971.3728, 19.612738
972.3728, 20.058697
973.3728, 20.459717
974.3728, 20.95441
975.3728, 21.352999
976.3728, 21.67074
977.3728, 22.020487
978.3728, 22.381983
979.3728, 22.696299
980.3728, 22.708113
981.3728, 22.82057
982.3728, 22.989845
983.3728, 23.123379
984.3728, 23.050909
985.3728, 23.469717
986.3728, 22.805794
987.3728, 22.586714
988.3728, 22.557526
989.3728, 22.497963
990.3728, 22.621878
991.3728, 22.60569
992.3728, 22.576847
993.3728, 22.61408
994.3728, 22.618076
995.3728, 22.55885
996.3728, 22.421625
997.3728, 22.468061
998.3728, 22.553375
999.3728, 22.699892
1000.3728, 23.04775
1001.3728, 22.97981
1002.3728, 22.89162
1003.3728, 22.5948
1004.3728, 22.252989
1005.3728, 21.91741
1006.3728, 21.693266
1007.3728, 21.466908
1008.3728, 21.233784
1009.3728, 20.997702
1010.3728, 20.917667
1011.3728, 20.933958
1012.3728, 21.1726
1013.3728, 21.33174
1014.3728, 21.545696
1015.3728, 21.704271
1016.3728, 21.85419
1017.3728, 22.104185
1018.3728, 22.179224
1019.3728, 22.334042
1020.3728, 22.341936
1021.3728, 22.441595
1022.3728, 22.565332
1023.3728, 22.626669
1024.3728, 22.55106
1025.3728, 22.758833
1026.3728, 22.773325
1027.3728, 22.83652
1028.3728, 22.975834
1029.3728, 22.7676
1030.3728, 22.471794
1031.3728, 22.243326
1032.3728, 21.91813
1033.3728, 21.764355
1034.3728, 20.792526
1035.3728, 20.02336
1036.3728, 20.35348
1037.3728, 20.663069
1038.3728, 20.362179
1039.3728, 20.115921
1040.3728, 19.837894
1041.3728, 19.6038
1042.3728, 19.690914
1043.3728, 19.560179
1044.3728, 19.534857
1045.3728, 19.56841
1046.3728, 19.767752
1047.3728, 20.283148
1048.3728, 20.993324
1049.3728, 20.607014
1050.3728, 20.367247
1051.3728, 20.358631
1052.3728, 19.83507
1053.3728, 19.671246
1054.3728, 19.592937
1055.3728, 19.846476
1056.3728, 19.871181
1057.3728, 19.825918
1058.3728, 19.886143
1059.3728, 19.927628
1060.3728, 20.055191
1061.3728, 20.1061
1062.3728, 20.032661
1063.3728, 19.718012
1064.3728, 19.488026
1065.3728, 19.39721
1066.3728, 19.216257
1067.3728, 19.018818
1068.3728, 18.849741
1069.3728, 18.72446
1070.3728, 18.108915
1071.3728, 18.217976
1072.3728, 18.123875
1073.3728, 17.948318
1074.3728, 17.64578
1075.3728, 17.430653
1076.3728, 17.21171
1077.3728, 17.018478
1078.3728, 16.797886
1079.3728, 16.63313
1080.3728, 16.395416
1081.3728, 16.27902
1082.3728, 16.113222
1083.3728, 16.166767
1084.3728, 15.961592
1085.3728, 14.9916935
1086.3728, 14.353104
1087.3728, 14.0617895
1088.3728, 13.903281
1089.3728, 13.652062
1090.3728, 13.547475
1091.3728, 13.375234
1092.3728, 13.107851
1093.3728, 12.908408
1094.3728, 12.888818
1095.3728, 12.955105
1096.3728, 13.038958
1097.3728, 13.003659
1098.3728, 12.895776
1099.3728, 12.8565645
1100.3728, 12.883764
1101.3728, 12.813403
1102.3728, 12.630267
1103.3728, 12.561399
1104.3728, 12.325916
1105.3728, 12.136951
1106.3728, 11.922484
1107.3728, 11.641775
1108.3728, 11.466606
1109.3728, 11.339227
1110.3728, 9.924053
1111.3728, 7.6309967
1112.3728, 5.5808425
1113.3728, 4.7606897
1114.3728, 4.149542
1115.3728, 3.9896889
1116.3728, 3.9805577
1117.3728, 3.9126503
1118.3728, 4.645333
1119.3728, 5.4940653
1120.3728, 6.203759
1121.3728, 6.7654243
1122.3728, 6.798575
1123.3728, 6.6107745
1124.3728, 6.45923
1125.3728, 6.6476517
1126.3728, 7.0055017
1127.3728, 6.884286
1128.3728, 6.6278496
1129.3728, 6.27747
1130.3728, 5.8395877
1131.3728, 5.631588
1132.3728, 5.485181
1133.3728, 5.237785
1134.3728, 3.5869262
1135.3728, 1.6003647
1136.3728, 1.0287306
1137.3728, 1.2474908
1138.3728, 1.5782181
1139.3728, 1.6659111
1140.3728, 1.98985
1141.3728, 2.0495214
1142.3728, 1.766602
1143.3728, 1.497435
1144.3728, 1.9361857
1145.3728, 2.885091
1146.3728, 3.5499907
1147.3728, 4.1359468
1148.3728, 4.442914
1149.3728, 4.394085
1150.3728, 4.590658
1151.3728, 4.6180058
1152.3728, 4.7678623
1153.3728, 4.743062
1154.3728, 4.6758585
1155.3728, 4.564659
1156.3728, 4.5656705
1157.3728, 4.3752456
1158.3728, 3.758686
1159.3728, 3.5624084
1160.3728, 3.5378451
1161.3728, 3.5136547
1162.3728, 3.6362271
1163.3728, 4.289282
1164.3728, 4.8814607
1165.3728, 5.3668
1166.3728, 5.3674293
1167.3728, 5.2630534
1168.3728, 5.2113385
1169.3728, 5.2566104
1170.3728, 5.4652605
1171.3728, 5.7150073
1172.3728, 5.848752
1173.3728, 5.9393487
1174.3728, 6.16684
1175.3728, 6.9477725
1176.3728, 7.1831865
1177.3728, 7.1531014
1178.3728, 7.2804885
1179.3728, 7.6597967
1180.3728, 7.849663
1181.3728, 7.73457
1182.3728, 7.5454173
1183.3728, 6.994856
1184.3728, 6.162997
1185.3728, 5.3112373
1186.3728, 5.1639047
1187.3728, 5.027097
1188.3728, 4.993093
1189.3728, 5.259391
1190.3728, 5.7311163
1191.3728, 6.1310806
1192.3728, 6.5340686
1193.3728, 6.9431796
1194.3728, 7.3563056
1195.3728, 7.3247676
1196.3728, 7.283895
1197.3728, 7.196189
1198.3728, 7.0751524
1199.3728, 6.848068
1200.3728, 6.7718377
1201.3728, 6.706868
1202.3728, 6.598462
1203.3728, 6.477683
1204.3728, 6.3219743
1205.3728, 6.135155
1206.3728, 6.0760217
1207.3728, 6.122884
1208.3728, 6.202971
1209.3728, 6.1792603
1210.3728, 6.088817
1211.3728, 5.990016
1212.3728, 5.8058457
1213.3728, 5.660969
1214.3728, 5.480056
1215.3728, 5.2624836
1216.3728, 5.092185
1217.3728, 4.9644156
1218.3728, 5.1050453
1219.3728, 5.394461
1220.3728, 5.7549305
1221.3728, 6.415807
1222.3728, 7.062231
1223.3728, 7.618995
1224.3728, 7.687412
1225.3728, 7.639348
1226.3728, 7.6191907
1227.3728, 7.639861
1228.3728, 7.804267
1229.3728, 7.87584
1230.3728, 7.7921352
1231.3728, 7.642845
1232.3728, 7.4053116
1233.3728, 7.228625
1234.3728, 6.993566
1235.3728, 6.7391176
1236.3728, 6.4135156
1237.3728, 6.050031
1238.3728, 5.8440423
1239.3728, 5.775491
1240.3728, 5.8390517
1241.3728, 5.9924817
1242.3728, 6.26525
1243.3728, 6.534578
1244.3728, 6.8405285
1245.3728, 7.1237965
1246.3728, 7.199874
1247.3728, 7.2333546
1248.3728, 7.2343054
1249.3728, 7.107068
1250.3728, 6.9452014
1251.3728, 6.83695
1252.3728, 6.8816924
1253.3728, 6.842161
1254.3728, 6.7544417
1255.3728, 6.5511084
1256.3728, 6.468399
1257.3728, 6.6141424
1258.3728, 6.995359
1259.3728, 7.1832204
1260.3728, 7.464857
1261.3728, 7.5752664
1262.3728, 7.552133
1263.3728, 7.4016986
1264.3728, 7.3129115
1265.3728, 7.140153
1266.3728, 6.947314
1267.3728, 6.6340237
1268.3728, 6.356128
1269.3728, 6.2513795
1270.3728, 6.272241
1271.3728, 6.3641872
1272.3728, 6.448843
1273.3728, 6.424893
1274.3728, 6.2831573
1275.3728, 6.065851
1276.3728, 5.896869
1277.3728, 5.689909
1278.3728, 5.6027694
1279.3728, 5.528662
1280.3728, 5.372236
1281.3728, 5.143846
1282.3728, 5.0984163
1283.3728, 5.208439
1284.3728, 5.5664773
1285.3728, 5.977087
1286.3728, 6.2860265
1287.3728, 6.8689117
1288.3728, 7.429541
1289.3728, 7.81453
1290.3728, 8.302833
1291.3728, 8.699163
1292.3728, 8.863584
1293.3728, 9.005733
1294.3728, 9.156729
1295.3728, 9.300294
1296.3728, 9.177045
1297.3728, 9.083067
1298.3728, 9.012346
1299.3728, 9.06409
1300.3728, 9.234379
1301.3728, 9.391733
1302.3728, 9.596684
1303.3728, 9.802175
1304.3728, 9.961085
1305.3728, 9.889757
1306.3728, 9.66501
1307.3728, 9.0666275
1308.3728, 8.069947
1309.3728, 7.133155
1310.3728, 6.6605253
1311.3728, 6.4348288
1312.3728, 6.282998
1313.3728, 6.3386254
1314.3728, 6.4685817
1315.3728, 6.464571
1316.3728, 6.6153345
1317.3728, 7.1144104
1318.3728, 7.643045
1319.3728, 8.1899805
1320.3728, 8.743958
1321.3728, 9.352963
1322.3728, 9.801681
1323.3728, 9.790266
1324.3728, 9.76181
1325.3728, 9.873116
1326.3728, 10.259447
1327.3728, 10.291214
1328.3728, 9.878656
1329.3728, 9.289307
1330.3728, 8.918448
1331.3728, 8.496985
1332.3728, 8.03546
1333.3728, 7.637037
1334.3728, 7.2560387
1335.3728, 6.9089274
1336.3728, 6.5993443
1337.3728, 6.3953233
1338.3728, 6.2050753
1339.3728, 6.02927
1340.3728, 5.824587
1341.3728, 5.691074
1342.3728, 5.5993795
1343.3728, 5.8002095
1344.3728, 6.266697
1345.3728, 6.777207
1346.3728, 7.355281
1347.3728, 7.7708397
1348.3728, 8.042295
1349.3728, 8.310118
1350.3728, 8.533952
1351.3728, 8.586573
1352.3728, 8.40394
1353.3728, 8.104871
1354.3728, 8.088105
1355.3728, 8.351342
1356.3728, 8.861176
1357.3728, 9.362017
1358.3728, 9.603037
1359.3728, 9.998018
1360.3728, 10.679298
1361.3728, 11.248537
1362.3728, 11.755398
1363.3728, 12.130339
1364.3728, 12.280736
1365.3728, 12.260657
1366.3728, 12.281924
1367.3728, 12.380795
1368.3728, 12.499921
1369.3728, 12.67936
1370.3728, 12.877532
1371.3728, 12.936164
1372.3728, 12.990168
1373.3728, 12.856972
1374.3728, 12.6963215
1375.3728, 12.75849
1376.3728, 13.130171
1377.3728, 13.527371
1378.3728, 13.575412
1379.3728, 13.422076
1380.3728, 13.411085
1381.3728, 13.781462
1382.3728, 14.171016
1383.3728, 14.675519
1384.3728, 15.308849
1385.3728, 15.959714
1386.3728, 16.604986
1387.3728, 17.0958
1388.3728, 17.453978
1389.3728, 17.861063
1390.3728, 17.750776
1391.3728, 17.713802
1392.3728, 17.71166
1393.3728, 17.762272
1394.3728, 17.775589
1395.3728, 17.797174
1396.3728, 17.73056
1397.3728, 17.768133
1398.3728, 17.79937
1399.3728, 17.81944
1400.3728, 17.799059
1401.3728, 17.816551
1402.3728, 17.748096
1403.3728, 17.82672
1404.3728, 17.874346
1405.3728, 17.868338
1406.3728, 17.85035
1407.3728, 17.874077
1408.3728, 17.919113
1409.3728, 18.087313
1410.3728, 18.366568
1411.3728, 18.691679
1412.3728, 18.843266
1413.3728, 19.373138
1414.3728, 19.569576
1415.3728, 19.864605
1416.3728, 20.095167
1417.3728, 20.517244
1418.3728, 20.766184
1419.3728, 21.031239
1420.3728, 21.839256
1421.3728, 22.502441
1422.3728, 23.092047
1423.3728, 23.387466
1424.3728, 23.313372
1425.3728, 23.104086
1426.3728, 23.085127
1427.3728, 23.056875
1428.3728, 23.011898
1429.3728, 23.028778
1430.3728, 23.029943
1431.3728, 22.915619
1432.3728, 22.90013
1433.3728, 22.95465
1434.3728, 22.94298
1435.3728, 22.964045
1436.3728, 22.985758
1437.3728, 23.006165
1438.3728, 22.958836
1439.3728, 22.980434
1440.3728, 22.955713
1441.3728, 23.046982
1442.3728, 23.078064
1443.3728, 23.128157
1444.3728, 23.182686
1445.3728, 23.19775
1446.3728, 23.18139
1447.3728, 23.147116
1448.3728, 23.186092
1449.3728, 23.162497
1450.3728, 23.15486
1451.3728, 23.093782
1452.3728, 22.978653
1453.3728, 22.984516
1454.3728, 23.009308
1455.3728, 23.008642
1456.3728, 23.10953
1457.3728, 23.128233
1458.3728, 23.228601
1459.3728, 23.149664
1460.3728, 23.171772
1461.3728, 23.22928
1462.3728, 23.253662
1463.3728, 23.280764
1464.3728, 23.265226
1465.3728, 23.324726
1466.3728, 23.294504
1467.3728, 23.15285
1468.3728, 23.15718
1469.3728, 23.26619
1470.3728, 23.269253
1471.3728, 23.165312
1472.3728, 23.097881
1473.3728, 23.098833
1474.3728, 22.960808
1475.3728, 22.952673
1476.3728, 22.923904
1477.3728, 22.950508
1478.3728, 22.75061
1479.3728, 22.987373
1480.3728, 22.989204
1481.3728, 23.03407
1482.3728, 23.042793
1483.3728, 23.03419
1484.3728, 23.028048
1485.3728, 22.977343
1486.3728, 23.051626
1487.3728, 23.048918
1488.3728, 23.042862
1489.3728, 22.969847
1490.3728, 22.996305
1491.3728, 23.018885
1492.3728, 23.023703
1493.3728, 22.991991
1494.3728, 23.048439
1495.3728, 23.058893
1496.3728, 23.08187
1497.3728, 23.056705
1498.3728, 23.027058
1499.3728, 23.03348
1500.3728, 23.059866
1501.3728, 22.969841
1502.3728, 23.014536
1503.3728, 22.961325
1504.3728, 22.973837
1505.3728, 22.936577
1506.3728, 22.930397
1507.3728, 22.904669
1508.3728, 22.947262
1509.3728, 22.933325
1510.3728, 22.977795
1511.3728, 23.037579
1512.3728, 23.034124
1513.3728, 23.178303
1514.3728, 23.175081
1515.3728, 23.342793
1516.3728, 23.343292
1517.3728, 23.373238
1518.3728, 23.422234
1519.3728, 23.402748
1520.3728, 23.427517
1521.3728, 23.377718
1522.3728, 23.353392
1523.3728, 23.180155
1524.3728, 23.480848
1525.3728, 23.433413
1526.3728, 23.015387
1527.3728, 23.07425
1528.3728, 23.132769
1529.3728, 23.142025
1530.3728, 23.137365
1531.3728, 23.182793
1532.3728, 23.192568
1533.3728, 23.212507
1534.3728, 23.19511
1535.3728, 23.206366
1536.3728, 23.199509
1537.3728, 23.165817
1538.3728, 23.210464
1539.3728, 23.270071
1540.3728, 23.619967
1541.3728, 24.418978
1542.3728, 25.011618
1543.3728, 24.975712
1544.3728, 24.844381
1545.3728, 24.908325
1546.3728, 25.010532
1547.3728, 25.777662
1548.3728, 26.258812
1549.3728, 26.348866
1550.3728, 26.048506
1551.3728, 25.976814
1552.3728, 26.003933
1553.3728, 25.87219
1554.3728, 25.9058
1555.3728, 25.99966
1556.3728, 25.891998
1557.3728, 25.990677
1558.3728, 25.909523
1559.3728, 25.937462
1560.3728, 25.944363
1561.3728, 25.919014
1562.3728, 25.92785
1563.3728, 25.936968
1564.3728, 25.82103
1565.3728, 25.85334
1566.3728, 25.901947
1567.3728, 25.847078
1568.3728, 25.930897
1569.3728, 25.884478
1570.3728, 25.936699
1571.3728, 25.955498
1572.3728, 26.08958
1573.3728, 25.896282
1574.3728, 25.873596
1575.3728, 25.831198
1576.3728, 25.848675
1577.3728, 25.827412
1578.3728, 25.8648
1579.3728, 25.852182
1580.3728, 25.866035
1581.3728, 25.874535
1582.3728, 25.850893
1583.3728, 25.815002
1584.3728, 25.849325
1585.3728, 25.846628
1586.3728, 25.818798
1587.3728, 25.866222
1588.3728, 25.771215
1589.3728, 25.849571
1590.3728, 25.817793
1591.3728, 25.842375
1592.3728, 25.846828
1593.3728, 25.86211
1594.3728, 25.7677
1595.3728, 25.753267
1596.3728, 25.783602
1597.3728, 25.797691
1598.3728, 25.801285
1599.3728, 25.848581
1600.3728, 25.844465
1601.3728, 25.792265
1602.3728, 25.762543
1603.3728, 25.798933
1604.3728, 25.790504
1605.3728, 25.839373
1606.3728, 25.829206
1607.3728, 25.80179
1608.3728, 25.88091
1609.3728, 25.882004
1610.3728, 25.959879
1611.3728, 25.947872
1612.3728, 26.017061
1613.3728, 26.07571
1614.3728, 26.027739
1615.3728, 26.03877
1616.3728, 25.990171
1617.3728, 26.016716
1618.3728, 25.930786
1619.3728, 25.920818
1620.3728, 25.897392
1621.3728, 25.91195
1622.3728, 25.905777
1623.3728, 25.943054
1624.3728, 25.982336
1625.3728, 26.018671
1626.3728, 26.009758
1627.3728, 25.994286
1628.3728, 26.02876
1629.3728, 25.973213
1630.3728, 25.991396
1631.3728, 25.911177
1632.3728, 25.85469
1633.3728, 25.772392
1634.3728, 25.990461
1635.3728, 26.072464
1636.3728, 25.978085
1637.3728, 25.947561
1638.3728, 25.98938
1639.3728, 25.945614
1640.3728, 25.993591
1641.3728, 25.948376
1642.3728, 25.89535
1643.3728, 25.866917
1644.3728, 25.922789
1645.3728, 25.937204
1646.3728, 26.02636
1647.3728, 26.062466
1648.3728, 25.907717
1649.3728, 25.895494
1650.3728, 25.970234
1651.3728, 25.880196
1652.3728, 25.852964
1653.3728, 25.92413
1654.3728, 25.89525
1655.3728, 25.86682
1656.3728, 26.057505
1657.3728, 25.947136
1658.3728, 25.893232
1659.3728, 25.899183
1660.3728, 25.908083
1661.3728, 25.895782
1662.3728, 25.922482
1663.3728, 25.979542
1664.3728, 25.95097
1665.3728, 25.922657
1666.3728, 26.618101
1667.3728, 27.01655
1668.3728, 27.718668
1669.3728, 28.039957
1670.3728, 27.889242
1671.3728, 27.912384
1672.3728, 27.908382
1673.3728, 27.623417
1674.3728, 27.438938
1675.3728, 27.415298
1676.3728, 26.845995
1677.3728, 26.939703
1678.3728, 26.983128
1679.3728, 27.22526
1680.3728, 27.41825
1681.3728, 27.705725
1682.3728, 28.123632
1683.3728, 28.507637
1684.3728, 28.736006
1685.3728, 28.795462
1686.3728, 28.892805
1687.3728, 29.276297
1688.3728, 29.609121
1689.3728, 29.923918
1690.3728, 29.835697
1691.3728, 29.73766
1692.3728, 29.771053
1693.3728, 29.702112
1694.3728, 29.656364
1695.3728, 30.164053
1696.3728, 30.510496
1697.3728, 30.410975
1698.3728, 30.250048
1699.3728, 30.309542
1700.3728, 30.339521
1701.3728, 30.38246
1702.3728, 30.426468
1703.3728, 30.418486
1704.3728, 30.40108
1705.3728, 30.728363
1706.3728, 31.1132
1707.3728, 31.120792
1708.3728, 31.154726
1709.3728, 31.106379
1710.3728, 31.186916
1711.3728, 31.359732
1712.3728, 31.38104
1713.3728, 31.385027
1714.3728, 31.41824
1715.3728, 31.409418
1716.3728, 31.612114
1717.3728, 31.754858
1718.3728, 31.78098
1719.3728, 31.875538
1720.3728, 31.870905
1721.3728, 32.034527
1722.3728, 32.00787
1723.3728, 32.416004
1724.3728, 31.337296
1725.3728, 31.305153
1726.3728, 31.189415
1727.3728, 30.759747
1728.3728, 30.59839
1729.3728, 30.383026
1730.3728, 30.164557
1731.3728, 30.051891
1732.3728, 29.90385
1733.3728, 29.928701
1734.3728, 30.200516
1735.3728, 30.357544
1736.3728, 30.436768
1737.3728, 30.565704
1738.3728, 30.529602
1739.3728, 30.474663
1740.3728, 30.527533
1741.3728, 30.677336
1742.3728, 30.554455
1743.3728, 30.589987
1744.3728, 30.580736
1745.3728, 30.494114
1746.3728, 30.485197
1747.3728, 30.443964
1748.3728, 30.488796
1749.3728, 30.548061
1750.3728, 30.566183
1751.3728, 30.511118
1752.3728, 30.502516
1753.3728, 30.512205
1754.3728, 30.477976
1755.3728, 30.439837
1756.3728, 30.475163
1757.3728, 30.430908
1758.3728, 30.438059
1759.3728, 30.428854
1760.3728, 30.511173
1761.3728, 30.50941
1762.3728, 30.468197
1763.3728, 30.442122
1764.3728, 30.400826
1765.3728, 30.384996
1766.3728, 30.413157
1767.3728, 30.409277
1768.3728, 30.398367
1769.3728, 30.393133
1770.3728, 30.323456
1771.3728, 30.591923
1772.3728, 30.91819
1773.3728, 31.629074
1774.3728, 32.20276
1775.3728, 32.399914
1776.3728, 32.221542
1777.3728, 32.102074
1778.3728, 32.117588
1779.3728, 32.141857
1780.3728, 32.096214
1781.3728, 32.108166
1782.3728, 32.107098
1783.3728, 32.149204
1784.3728, 32.20776
1785.3728, 32.16191
1786.3728, 32.21607
1787.3728, 32.28572
1788.3728, 32.21128
1789.3728, 32.065605
1790.3728, 32.07553
1791.3728, 32.190807
1792.3728, 32.175003
1793.3728, 32.17982
1794.3728, 32.175
1795.3728, 32.123894
1796.3728, 32.183254
1797.3728, 32.173717
1798.3728, 32.178593
1799.3728, 32.186333
1800.3728, 32.11655
1801.3728, 32.000374
1802.3728, 31.65503
1803.3728, 31.008827
1804.3728, 30.61549
1805.3728, 30.526556
1806.3728, 30.338963
1807.3728, 29.844093
1808.3728, 29.245262
1809.3728, 29.291628
1810.3728, 29.4008
1811.3728, 28.799109
1812.3728, 28.00927
1813.3728, 27.68648
1814.3728, 27.869102
1815.3728, 27.899662
1816.3728, 27.84235
1817.3728, 27.805079
1818.3728, 27.777784
1819.3728, 27.728178
1820.3728, 27.701183
1821.3728, 27.685747
1822.3728, 27.608004
1823.3728, 27.597054
1824.3728, 27.627077
1825.3728, 27.633091
1826.3728, 27.690706
1827.3728, 27.80451
1828.3728, 27.827555
1829.3728, 28.10038
1830.3728, 27.780096
1831.3728, 28.06148
1832.3728, 28.20342
1833.3728, 28.34365
1834.3728, 28.384165
1835.3728, 28.464212
1836.3728, 28.588406
1837.3728, 28.592299
1838.3728, 28.580608
1839.3728, 28.697441
1840.3728, 28.686987
1841.3728, 28.752619
1842.3728, 28.767694
1843.3728, 28.776064
1844.3728, 28.790524
1845.3728, 28.771389
1846.3728, 28.776934
1847.3728, 28.804665
1848.3728, 28.83193
1849.3728, 28.760942
1850.3728, 28.807886
1851.3728, 28.794783
1852.3728, 28.803226
1853.3728, 28.776016
1854.3728, 28.695541
1855.3728, 28.702787
1856.3728, 28.686338
1857.3728, 28.642178
1858.3728, 28.680437
1859.3728, 28.72701
1860.3728, 28.718048
1861.3728, 28.763582
1862.3728, 28.744068
1863.3728, 28.70716
1864.3728, 28.596828
1865.3728, 28.58213
1866.3728, 28.588816
1867.3728, 28.579409
1868.3728, 28.60041
1869.3728, 28.613077
1870.3728, 28.592407
1871.3728, 28.59945
1872.3728, 28.662323
1873.3728, 28.500261
1874.3728, 28.338263
1875.3728, 28.23441
1876.3728, 28.146158
1877.3728, 28.038212
1878.3728, 28.02201
1879.3728, 27.97999
1880.3728, 27.928913
1881.3728, 27.943745
1882.3728, 27.892326
1883.3728, 27.85566
1884.3728, 27.922905
1885.3728, 27.890467
1886.3728, 27.697395
1887.3728, 27.812515
1888.3728, 27.878555
1889.3728, 27.968735
1890.3728, 27.964853
1891.3728, 27.936174
1892.3728, 27.946707
1893.3728, 27.891176
1894.3728, 27.932554
1895.3728, 27.877834
1896.3728, 27.943733
1897.3728, 27.883387
1898.3728, 27.907913
1899.3728, 27.872065
1900.3728, 27.859226
1901.3728, 27.875263
1902.3728, 27.89829
1903.3728, 27.941414
1904.3728, 27.89999
1905.3728, 27.99655
1906.3728, 27.97258
1907.3728, 27.951654
1908.3728, 27.929018
1909.3728, 27.913778
1910.3728, 27.908573
1911.3728, 27.976746
1912.3728, 27.94735
1913.3728, 27.945507
1914.3728, 27.94756
1915.3728, 27.992897
1916.3728, 27.914381
1917.3728, 27.940863
1918.3728, 27.966215
1919.3728, 27.909973
1920.3728, 27.565327
1921.3728, 26.860033
1922.3728, 26.097162
1923.3728, 25.352955
1924.3728, 24.584776
1925.3728, 23.992712
1926.3728, 23.892958
1927.3728, 24.121824
1928.3728, 24.139694
1929.3728, 24.182999
1930.3728, 24.224554
1931.3728, 24.27194
1932.3728, 24.281668
1933.3728, 24.338276
1934.3728, 24.340298
1935.3728, 24.285013
1936.3728, 24.2522
1937.3728, 24.241356
1938.3728, 24.226198
1939.3728, 24.172106
1940.3728, 24.14733
1941.3728, 24.133982
1942.3728, 24.138762
1943.3728, 24.09059
1944.3728, 24.010855
1945.3728, 24.071959
1946.3728, 24.082994
1947.3728, 24.069658
1948.3728, 24.063532
1949.3728, 24.046598
1950.3728, 24.080511
1951.3728, 24.026764
1952.3728, 24.0914
1953.3728, 24.072668
1954.3728, 24.06665
1955.3728, 24.124739
1956.3728, 24.257929
1957.3728, 24.998617
1958.3728, 25.69102
1959.3728, 26.39069
1960.3728, 27.044298
1961.3728, 27.398745
1962.3728, 27.349483
1963.3728, 27.089949
1964.3728, 27.043985
1965.3728, 27.053743
1966.3728, 27.081596
1967.3728, 27.085083
1968.3728, 27.094007
1969.3728, 27.102812
1970.3728, 27.048634
1971.3728, 27.055216
1972.3728, 27.100243
1973.3728, 27.07339
1974.3728, 27.109388
1975.3728, 27.08323
1976.3728, 27.12718
1977.3728, 27.150257
1978.3728, 27.14355
1979.3728, 27.161951
1980.3728, 27.10061
1981.3728, 27.098545
1982.3728, 27.155115
1983.3728, 27.19159
1984.3728, 27.163332
1985.3728, 27.120436
1986.3728, 27.136225
1987.3728, 27.097502
1988.3728, 27.08816
1989.3728, 27.073723
1990.3728, 27.296864
1991.3728, 27.134333
1992.3728, 27.01796
1993.3728, 27.121006
1994.3728, 27.059313
1995.3728, 27.09667
1996.3728, 27.078829
1997.3728, 27.08986
1998.3728, 27.061192
1999.3728, 27.120031
2000.3728, 27.099628
2001.3728, 27.066246
2002.3728, 27.021385
2003.3728, 27.130907
2004.3728, 27.034906
2005.3728, 27.2272
2006.3728, 27.781948
2007.3728, 28.206333
2008.3728, 28.136078
2009.3728, 28.391792
2010.3728, 28.846819
2011.3728, 29.315115
2012.3728, 29.16526
2013.3728, 29.129723
2014.3728, 29.456656
2015.3728, 29.786371
2016.3728, 29.915789
2017.3728, 29.826788
2018.3728, 29.812748
2019.3728, 29.781897
2020.3728, 29.774832
2021.3728, 29.683912
2022.3728, 29.66234
2023.3728, 29.761215
2024.3728, 30.008316
2025.3728, 30.103537
2026.3728, 30.05486
2027.3728, 29.983881
2028.3728, 29.968704
2029.3728, 30.009619
2030.3728, 29.972343
2031.3728, 29.89784
2032.3728, 29.843193
2033.3728, 29.911104
2034.3728, 29.98706
2035.3728, 29.920614
2036.3728, 29.93794
2037.3728, 29.99057
2038.3728, 30.007174
2039.3728, 30.006468
2040.3728, 30.028414
2041.3728, 30.05431
2042.3728, 29.996805
2043.3728, 30.009354
2044.3728, 30.000439
2045.3728, 29.99001
2046.3728, 30.051565
2047.3728, 29.856873
2048.3728, 29.116888
2049.3728, 28.654366
2050.3728, 28.682743
2051.3728, 28.628231
2052.3728, 28.510384
2053.3728, 27.889965
2054.3728, 27.50074
2055.3728, 27.737543
2056.3728, 27.823498
2057.3728, 27.758245
2058.3728, 27.939623
2059.3728, 27.930029
2060.3728, 27.901281
2061.3728, 27.977947
2062.3728, 27.963665
2063.3728, 27.990093
2064.3728, 28.028126
2065.3728, 28.019522
2066.3728, 27.997858
2067.3728, 28.05554
2068.3728, 28.024931
2069.3728, 28.064726
2070.3728, 28.010845
2071.3728, 28.009174
2072.3728, 28.23295
2073.3728, 28.300268
2074.3728, 28.378443
2075.3728, 28.414797
2076.3728, 28.426645
2077.3728, 28.554508
2078.3728, 28.617146
2079.3728, 28.549252
2080.3728, 28.544891
2081.3728, 28.543968
2082.3728, 28.476604
2083.3728, 28.614016
2084.3728, 28.63323
2085.3728, 28.61086
2086.3728, 28.645952
2087.3728, 28.661394
2088.3728, 28.758377
2089.3728, 28.656199
2090.3728, 28.572155
2091.3728, 28.694483
2092.3728, 28.736933
2093.3728, 28.529217
2094.3728, 28.607265
2095.3728, 28.536146
2096.3728, 28.544306
2097.3728, 28.425045
2098.3728, 28.458376
2099.3728, 28.441805
2100.3728, 28.38151
2101.3728, 28.392069
2102.3728, 28.436304
2103.3728, 28.4224
2104.3728, 28.485851
2105.3728, 28.525066
2106.3728, 28.513405
2107.3728, 28.499842
2108.3728, 28.301575
2109.3728, 28.36884
2110.3728, 28.363506
2111.3728, 28.31417
2112.3728, 28.273592
2113.3728, 28.25854
2114.3728, 28.268993
2115.3728, 28.201664
2116.3728, 28.251871
2117.3728, 28.32414
2118.3728, 28.19897
2119.3728, 28.215546
2120.3728, 28.22999
2121.3728, 28.19326
2122.3728, 28.334
2123.3728, 28.309061
2124.3728, 28.334545
2125.3728, 28.423325
2126.3728, 28.629276
2127.3728, 28.43733
2128.3728, 28.319147
2129.3728, 28.4811
2130.3728, 28.610794
2131.3728, 28.661432
2132.3728, 28.586866
2133.3728, 28.485376
2134.3728, 28.589647
2135.3728, 28.684048
2136.3728, 28.665264
2137.3728, 28.509377
2138.3728, 28.653872
2139.3728, 28.62684
2140.3728, 28.684332
2141.3728, 28.606474
2142.3728, 28.682777
2143.3728, 28.643335
2144.3728, 28.64562
2145.3728, 28.704279
2146.3728, 28.657993
2147.3728, 28.581944
2148.3728, 28.599134
2149.3728, 28.643282
2150.3728, 28.65029
2151.3728, 28.656069
2152.3728, 28.600164
2153.3728, 28.521141
2154.3728, 28.51782
2155.3728, 28.492802
2156.3728, 28.429588
2157.3728, 28.386976
2158.3728, 28.34211
2159.3728, 28.308992
2160.3728, 27.65774
2161.3728, 26.092493
2162.3728, 24.874641
2163.3728, 24.189766
2164.3728, 23.887064
2165.3728, 23.380753
2166.3728, 22.969261
2167.3728, 22.616272
2168.3728, 21.750616
2169.3728, 20.807274
2170.3728, 19.865578
2171.3728, 19.157145
2172.3728, 18.382782
2173.3728, 17.475475
2174.3728, 16.260141
2175.3728, 14.886383
2176.3728, 14.280893
2177.3728, 13.955221
2178.3728, 13.32825
2179.3728, 12.99163
2180.3728, 12.680792
2181.3728, 12.407373
2182.3728, 12.729545
2183.3728, 12.650868
2184.3728, 12.317813
2185.3728, 11.924545
2186.3728, 11.708654
2187.3728, 11.378181
2188.3728, 10.967327
2189.3728, 10.787112
2190.3728, 10.3542795
2191.3728, 10.519763
2192.3728, 10.622825
2193.3728, 10.673148
2194.3728, 10.676641
2195.3728, 10.673449
2196.3728, 10.682873
2197.3728, 10.676084
2198.3728, 10.640962
2199.3728, 10.53069
2200.3728, 10.287169
2201.3728, 9.86421
2202.3728, 9.500999
2203.3728, 8.868259
2204.3728, 6.331199
2205.3728, 4.7020884
2206.3728, 3.4606745
2207.3728, 3.2175682
2208.3728, 3.1295564
2209.3728, 2.9488723
2210.3728, 2.8055859
2211.3728, 2.6301348
2212.3728, 2.5690494
2213.3728, 1.6209157
2214.3728, 0.0
2215.3728, 0.0
2216.3728, 0.0
2217.3728, 0.0
2218.3728, 0.0
2219.3728, 0.0
2220.3728, 0.0
2221.3728, 0.0
2222.3728, 0.0
2223.3728, 0.0
2224.3728, 0.0
2225.3728, 0.6385592
2226.3728, 2.8148768
2227.3728, 3.2914839
2228.3728, 3.9853406
2229.3728, 4.0255084
2230.3728, 3.8620129
2231.3728, 4.028314
2232.3728, 4.658517
2233.3728, 4.378247
2234.3728, 3.7471933
2235.3728, 3.3861601
2236.3728, 2.5791416
2237.3728, 2.0782928
2238.3728, 2.1325567
2239.3728, 2.5726762
2240.3728, 2.4244273
2241.3728, 2.2985768
2242.3728, 2.369202
2243.3728, 2.9184802
2244.3728, 2.7956882
2245.3728, 3.0039577
2246.3728, 3.6648204
2247.3728, 3.7255926
2248.3728, 3.3128881
2249.3728, 3.3370006
2250.3728, 3.6365774
2251.3728, 3.9262426
2252.3728, 4.0799856
2253.3728, 4.3319464
2254.3728, 4.77582
2255.3728, 5.114396
2256.3728, 5.4375873
2257.3728, 5.7692738
2258.3728, 5.753021
2259.3728, 5.4896703
2260.3728, 5.431275
2261.3728, 5.863826
2262.3728, 5.701538
2263.3728, 5.933788
2264.3728, 6.3845906
2265.3728, 6.9150977
2266.3728, 7.242596
2267.3728, 7.88573
2268.3728, 8.504496
2269.3728, 8.820896
2270.3728, 9.336986
2271.3728, 9.123437
2272.3728, 8.367074
2273.3728, 7.8438487
2274.3728, 7.5341196
2275.3728, 7.7677045
2276.3728, 8.160637
2277.3728, 8.273014
2278.3728, 7.9908624
2279.3728, 7.551886
2280.3728, 7.665133
2281.3728, 7.935895
2282.3728, 8.2877
2283.3728, 8.548158
2284.3728, 8.494858
2285.3728, 8.075991
2286.3728, 7.5121737
2287.3728, 7.1066566
2288.3728, 6.7123666
2289.3728, 6.8912354
2290.3728, 6.864515
2291.3728, 7.1628222
2292.3728, 7.6229715
2293.3728, 7.999503
2294.3728, 7.5481133
2295.3728, 7.1717634
2296.3728, 6.699498
2297.3728, 6.2346005
2298.3728, 5.8190536
2299.3728, 5.5030036
2300.3728, 5.345311
2301.3728, 5.562029
2302.3728, 5.942314
2303.3728, 6.3089905
2304.3728, 6.6701474
2305.3728, 6.814413
2306.3728, 6.914912
2307.3728, 7.0660267
2308.3728, 7.2006774
2309.3728, 7.244665
2310.3728, 7.2197843
2311.3728, 6.9494534
2312.3728, 6.6471734
2313.3728, 6.098791
2314.3728, 5.5604343
2315.3728, 5.2058315
2316.3728, 5.0230455
2317.3728, 4.7672153
2318.3728, 4.412845
2319.3728, 4.1178193
2320.3728, 4.140501
2321.3728, 4.4755783
2322.3728, 4.8251667
2323.3728, 4.842721
2324.3728, 4.774973
2325.3728, 4.7999787
2326.3728, 5.04923
2327.3728, 5.2947593
2328.3728, 5.669983
2329.3728, 5.7058916
2330.3728, 5.4747696
2331.3728, 5.2411094
2332.3728, 4.9350915
2333.3728, 4.8079367
2334.3728, 4.8680463
2335.3728, 4.849497
2336.3728, 4.6852307
2337.3728, 4.4625177
2338.3728, 4.453708
2339.3728, 4.751088
2340.3728, 4.792035
2341.3728, 4.746553
2342.3728, 4.771962
2343.3728, 4.6374836
2344.3728, 4.6228323
2345.3728, 4.838564
2346.3728, 5.3619556
2347.3728, 5.973413
2348.3728, 6.490531
2349.3728, 6.8204775
2350.3728, 6.9833174
2351.3728, 7.1279664
2352.3728, 7.1824465
2353.3728, 7.1368146
2354.3728, 7.1361737
2355.3728, 6.9733434
2356.3728, 6.9901547
2357.3728, 7.165218
2358.3728, 7.034955
2359.3728, 6.9469285
2360.3728, 7.0007257
2361.3728, 7.2596173
2362.3728, 7.416299
2363.3728, 7.516207
2364.3728, 7.4784746
2365.3728, 7.6141214
2366.3728, 7.823714
2367.3728, 7.9054627
2368.3728, 7.7654786
2369.3728, 7.4542246
2370.3728, 7.208438
2371.3728, 6.9626284
2372.3728, 6.7783194
2373.3728, 6.8488545
2374.3728, 6.8863907
2375.3728, 6.8530426
2376.3728, 6.6960454
2377.3728, 6.445206
2378.3728, 6.3213744
2379.3728, 6.3272347
2380.3728, 6.3144436
2381.3728, 6.1445107
2382.3728, 5.911332
2383.3728, 5.6354012
2384.3728, 5.552843
2385.3728, 5.3913245
2386.3728, 5.506925
2387.3728, 5.8340673
2388.3728, 6.11133
2389.3728, 6.3442054
2390.3728, 6.6370263
2391.3728, 6.758291
2392.3728, 7.084328
2393.3728, 7.4880667
2394.3728, 8.010826
2395.3728, 8.512482
2396.3728, 8.709297
2397.3728, 8.832175
2398.3728, 8.940068
2399.3728, 8.841589
2400.3728, 8.79362
2401.3728, 8.839824
2402.3728, 8.964456
2403.3728, 8.854131
2404.3728, 8.720979
2405.3728, 8.583045
2406.3728, 8.519728
2407.3728, 8.469511
2408.3728, 8.460754
2409.3728, 8.569064
2410.3728, 8.823479
2411.3728, 8.974565
2412.3728, 8.991225
2413.3728, 8.824879
2414.3728, 8.471137
2415.3728, 8.03616
2416.3728, 7.6899242
2417.3728, 7.3615675
2418.3728, 7.0226836
2419.3728, 6.6240873
2420.3728, 6.3679795
2421.3728, 5.9389176
2422.3728, 5.461933
2423.3728, 4.9108033
2424.3728, 4.45492
2425.3728, 4.1395383
2426.3728, 3.9639041
2427.3728, 3.969168
2428.3728, 4.238941
2429.3728, 4.772761
2430.3728, 5.303
2431.3728, 5.828541
2432.3728, 6.3621407
2433.3728, 6.882806
2434.3728, 7.583049
2435.3728, 8.0595255
2436.3728, 8.282462
2437.3728, 8.351165
2438.3728, 8.23594
2439.3728, 8.086844
2440.3728, 7.8571515
2441.3728, 7.6673994
2442.3728, 7.4870067
2443.3728, 7.3100333
2444.3728, 7.1373644
2445.3728, 6.9775653
2446.3728, 6.807172
2447.3728, 6.629965
2448.3728, 6.503313
2449.3728, 6.3316374
2450.3728, 6.196318
2451.3728, 6.1106734
2452.3728, 6.087144
2453.3728, 6.167353
2454.3728, 6.357302
2455.3728, 6.593468
2456.3728, 6.780874
2457.3728, 6.8119683
2458.3728, 6.735609
2459.3728, 6.6766014
2460.3728, 6.5094466
2461.3728, 6.2515187
2462.3728, 5.8392005
2463.3728, 5.614136
2464.3728, 5.4560184
2465.3728, 5.394553
2466.3728, 5.574942
2467.3728, 5.581325
2468.3728, 5.410983
2469.3728, 5.5271244
2470.3728, 5.6964517
2471.3728, 5.936129
2472.3728, 6.2311754
2473.3728, 6.3187723
2474.3728, 6.2853656
2475.3728, 6.183669
2476.3728, 6.1268287
2477.3728, 6.1996307
2478.3728, 6.142166
2479.3728, 6.285307
2480.3728, 6.7259064
2481.3728, 7.2482123
2482.3728, 7.5838013
2483.3728, 7.831407
2484.3728, 7.748921
2485.3728, 7.3188
2486.3728, 6.617669
2487.3728, 5.741481
2488.3728, 4.7787232
2489.3728, 3.651022
2490.3728, 2.4212193
2491.3728, 0.0
2492.3728, 0.0
2493.3728, 0.0
2494.3728, 0.0
2495.3728, 0.0
2496.3728, 0.0
2497.3728, 0.7926016
2498.3728, 2.387471
2499.3728, 3.9471552
2500.3728, 4.909064
2501.3728, 5.338058
2502.3728, 5.5196824
2503.3728, 4.996177
2504.3728, 3.7142758
2505.3728, 2.1962059
2506.3728, 0.0
2507.3728, 0.0
2508.3728, 0.0
2509.3728, 0.0
2510.3728, 0.0
2511.3728, 0.0
2512.3728, 0.0
2513.3728, 0.0
2514.3728, 1.3757889
2515.3728, 2.7188914
2516.3728, 3.4255328
2517.3728, 3.968809
2518.3728, 4.616172
2519.3728, 5.8451586
2520.3728, 7.452868
2521.3728, 8.618191
2522.3728, 9.231631
2523.3728, 9.511521
2524.3728, 9.480995
2525.3728, 9.12658
2526.3728, 7.972531
2527.3728, 7.026044
2528.3728, 6.336158
2529.3728, 5.728539
2530.3728, 5.2240305
2531.3728, 4.9471645
2532.3728, 4.8293686
2533.3728, 4.8963985
2534.3728, 5.11556
2535.3728, 5.386034
2536.3728, 5.744538
2537.3728, 5.941293
2538.3728, 6.072038
2539.3728, 6.102033
2540.3728, 6.259373
2541.3728, 6.390439
2542.3728, 6.698546
2543.3728, 6.813698
2544.3728, 7.088275
2545.3728, 7.227623
2546.3728, 7.2507734
2547.3728, 7.214889
2548.3728, 7.175587
2549.3728, 7.098636
2550.3728, 6.8891754
2551.3728, 6.3675437
2552.3728, 5.2802835
2553.3728, 4.286977
2554.3728, 3.0878942
2555.3728, 1.9252344
2556.3728, 1.2480149
2557.3728, 1.2562248
2558.3728, 1.859581
2559.3728, 2.4764283
2560.3728, 2.9507306
2561.3728, 3.3881328
2562.3728, 3.6801467
2563.3728, 3.857193
2564.3728, 3.9414487
2565.3728, 4.4644933
2566.3728, 5.0758605
2567.3728, 5.7902865
2568.3728, 6.4964876
2569.3728, 6.9516587
2570.3728, 7.260337
2571.3728, 7.5663066
2572.3728, 7.8830323
2573.3728, 8.325932
2574.3728, 8.857433
2575.3728, 8.994097
2576.3728, 8.886165
2577.3728, 8.497698
2578.3728, 7.792903
2579.3728, 6.8333793
2580.3728, 6.0967503
2581.3728, 5.395552
2582.3728, 4.964002
2583.3728, 4.774019
2584.3728, 5.01916
2585.3728, 5.3732076
2586.3728, 6.047401
2587.3728, 7.1733904
2588.3728, 8.382161
2589.3728, 9.464908
2590.3728, 10.44923
2591.3728, 11.482023
2592.3728, 12.219334
2593.3728, 12.966322
2594.3728, 13.454056
2595.3728, 13.951607
2596.3728, 14.508019
2597.3728, 15.028908
2598.3728, 15.35341
2599.3728, 15.651593
2600.3728, 15.86935
2601.3728, 16.205793
2602.3728, 16.5686
2603.3728, 16.944057
2604.3728, 17.23586
2605.3728, 17.889687
2606.3728, 17.976877
2607.3728, 18.197199
2608.3728, 18.346556
2609.3728, 18.233717
2610.3728, 18.242483
2611.3728, 18.006062
2612.3728, 18.006062
2613.3728, 0.0
2614.3728, 0.0
2615.3728, 0.0
2616.3728, 0.0
2617.3728, 0.0
2618.3728, 0.0
2619.3728, 0.0
2620.3728, 0.0
2621.3728, 0.0
2622.3728, 0.0
2623.3728, 0.0
2624.3728, 0.0
2625.3728, 0.0
2626.3728, 0.0
2627.3728, 0.0
2628.3728, 0.0
2629.3728, 0.0
2630.3728, 0.0
2631.3728, 0.0
2632.3728, 0.0
2633.3728, 19.40289
2634.3728, 25.806608
2635.3728, 25.50565
2636.3728, 25.0918
2637.3728, 24.677021
2638.3728, 24.436615
2639.3728, 24.650993
2640.3728, 24.916529
2641.3728, 25.189245
2642.3728, 25.282097
2643.3728, 25.464767
2644.3728, 25.578186
2645.3728, 25.576414
2646.3728, 25.651907
2647.3728, 25.667036
2648.3728, 25.533169
2649.3728, 25.16396
2650.3728, 24.770618
2651.3728, 24.183752
2652.3728, 23.473316
2653.3728, 23.272202
2654.3728, 22.936892
2655.3728, 22.696547
2656.3728, 22.382381
2657.3728, 22.223293
2658.3728, 22.05237
2659.3728, 21.803549
2660.3728, 21.488974
2661.3728, 21.355534
2662.3728, 21.147371
2663.3728, 21.421461
2664.3728, 21.506578
2665.3728, 21.764624
2666.3728, 21.803331
2667.3728, 21.680107
2668.3728, 21.445671
2669.3728, 21.3434
2670.3728, 21.410156
2671.3728, 21.388142
2672.3728, 21.46462
2673.3728, 21.42939
2674.3728, 21.39688
2675.3728, 21.464035
2676.3728, 21.373014
2677.3728, 21.53632
2678.3728, 21.762268
2679.3728, 22.502924
2680.3728, 23.511694
2681.3728, 23.970703
2682.3728, 24.249378
2683.3728, 24.646168
2684.3728, 24.536278
2685.3728, 23.987553
2686.3728, 24.349459
2687.3728, 25.092508
2688.3728, 25.82175
2689.3728, 26.07885
2690.3728, 26.25597
2691.3728, 26.721727
2692.3728, 27.388556
2693.3728, 27.700293
2694.3728, 28.273401
2695.3728, 28.478811
2696.3728, 28.706087
2697.3728, 28.846653
2698.3728, 28.704515
2699.3728, 28.590647
2700.3728, 28.42048
2701.3728, 28.466038
2702.3728, 27.981583
2703.3728, 28.399088
2704.3728, 28.646511
2705.3728, 28.840847
2706.3728, 29.070375
2707.3728, 28.63729
2708.3728, 28.506145
2709.3728, 27.82286
2710.3728, 27.165882
2711.3728, 26.270222
2712.3728, 26.492659
2713.3728, 26.499155
2714.3728, 26.915474
2715.3728, 27.399376
2716.3728, 28.079988
2717.3728, 29.077284
2718.3728, 30.463694
2719.3728, 30.208054
2720.3728, 29.427515
2721.3728, 28.56809
2722.3728, 28.087059
2723.3728, 28.730543
2724.3728, 29.195658
2725.3728, 29.725529
2726.3728, 30.09984
2727.3728, 29.927994
2728.3728, 29.192385
2729.3728, 28.482845
2730.3728, 27.871424
2731.3728, 27.74524
2732.3728, 28.003563
2733.3728, 28.478258
2734.3728, 27.983068
2735.3728, 27.294266
2736.3728, 27.084202
2737.3728, 27.343784
2738.3728, 27.533861
2739.3728, 27.742918
2740.3728, 27.847996
2741.3728, 27.34546
2742.3728, 26.97707
2743.3728, 26.350163
2744.3728, 26.027512
2745.3728, 26.110592
2746.3728, 26.549139
2747.3728, 26.905254
2748.3728, 27.501278
2749.3728, 28.286003
2750.3728, 29.13482
2751.3728, 29.823196
2752.3728, 30.637453
2753.3728, 31.422884
2754.3728, 32.437485
2755.3728, 33.464554
2756.3728, 33.34346
2757.3728, 32.77581
2758.3728, 32.170666
2759.3728, 31.573618
2760.3728, 31.174778
2761.3728, 31.017355
2762.3728, 31.51464
2763.3728, 32.097576
2764.3728, 31.881857
2765.3728, 31.189941
2766.3728, 31.095148
2767.3728, 31.073345
2768.3728, 31.117186
2769.3728, 31.129438
2770.3728, 31.133986
2771.3728, 31.077646
2772.3728, 31.198772
2773.3728, 31.141214
2774.3728, 31.080524
2775.3728, 30.675255
2776.3728, 29.710632
2777.3728, 28.814037
2778.3728, 27.862232
2779.3728, 27.792988
2780.3728, 27.852102
2781.3728, 28.016613
2782.3728, 28.111258
2783.3728, 28.20701
2784.3728, 28.26648
2785.3728, 28.501907
2786.3728, 28.934622
2787.3728, 28.976627
2788.3728, 28.3009
2789.3728, 28.312193
2790.3728, 28.336609
2791.3728, 27.78533
2792.3728, 27.796808
2793.3728, 27.980595
2794.3728, 27.942774
2795.3728, 28.040442
2796.3728, 28.089808
2797.3728, 27.79251
2798.3728, 27.900156
2799.3728, 28.047487
2800.3728, 28.055542
2801.3728, 27.960953
2802.3728, 27.967676
2803.3728, 28.17268
2804.3728, 28.238241
2805.3728, 28.236197
2806.3728, 28.71569
2807.3728, 29.143658
2808.3728, 29.466894
2809.3728, 29.829784
2810.3728, 29.96681
2811.3728, 30.293612
2812.3728, 30.42336
2813.3728, 30.146059
2814.3728, 29.411327
2815.3728, 29.15683
2816.3728, 29.367352
2817.3728, 29.465645
2818.3728, 29.604616
2819.3728, 29.726925
2820.3728, 29.739899
2821.3728, 29.937723
2822.3728, 29.81374
2823.3728, 29.067009
2824.3728, 29.17712
2825.3728, 29.177433
2826.3728, 29.197922
2827.3728, 29.422523
2828.3728, 29.34846
2829.3728, 29.321115
2830.3728, 29.384779
2831.3728, 29.416958
2832.3728, 29.46453
2833.3728, 29.46442
2834.3728, 29.444862
2835.3728, 29.353905
2836.3728, 29.224089
2837.3728, 29.077753
2838.3728, 29.004301
2839.3728, 28.867266
2840.3728, 28.72191
2841.3728, 28.9051
2842.3728, 28.777122
2843.3728, 28.675331
2844.3728, 28.070728
2845.3728, 27.324102
2846.3728, 26.81071
2847.3728, 26.611958
2848.3728, 26.62493
2849.3728, 26.684729
2850.3728, 26.908133
2851.3728, 27.041845
2852.3728, 27.292105
2853.3728, 27.311018
2854.3728, 27.05584
2855.3728, 26.75814
2856.3728, 26.60063
2857.3728, 26.75662
2858.3728, 26.759336
2859.3728, 27.046066
2860.3728, 27.015985
2861.3728, 26.342249
2862.3728, 25.55119
2863.3728, 25.358688
2864.3728, 25.37793
2865.3728, 25.440502
2866.3728, 25.45024
2867.3728, 25.670835
2868.3728, 26.076365
2869.3728, 26.256573
2870.3728, 26.343515
2871.3728, 26.139238
2872.3728, 25.525808
2873.3728, 25.227497
2874.3728, 25.188564
2875.3728, 25.188467
2876.3728, 25.242912
2877.3728, 25.225914
2878.3728, 25.277807
2879.3728, 25.309101
2880.3728, 25.419933
2881.3728, 25.511856
2882.3728, 25.627813
2883.3728, 25.655857
2884.3728, 25.649473
2885.3728, 25.662045
2886.3728, 25.67481
2887.3728, 25.522673
2888.3728, 25.480385
2889.3728, 25.476814
2890.3728, 25.483103
2891.3728, 25.556433
2892.3728, 25.550291
2893.3728, 25.577307
2894.3728, 25.51642
2895.3728, 25.256462
2896.3728, 25.227549
2897.3728, 25.625883
2898.3728, 25.97035
2899.3728, 26.141495
2900.3728, 26.027952
2901.3728, 25.484701
2902.3728, 25.163866
2903.3728, 25.498621
2904.3728, 25.786093
2905.3728, 25.954714
2906.3728, 26.053347
2907.3728, 26.298811
2908.3728, 26.198072
2909.3728, 25.750849
2910.3728, 25.296984
2911.3728, 25.390259
2912.3728, 24.959475
2913.3728, 25.15468
2914.3728, 25.319197
2915.3728, 25.536001
2916.3728, 26.155844
2917.3728, 26.431879
2918.3728, 26.818657
2919.3728, 27.190077
2920.3728, 26.83104
2921.3728, 27.119787
2922.3728, 27.226233
2923.3728, 27.34417
2924.3728, 27.457785
2925.3728, 27.675236
2926.3728, 27.687473
2927.3728, 27.780119
2928.3728, 27.133898
2929.3728, 26.504967
2930.3728, 25.749418
2931.3728, 25.037739
2932.3728, 24.393524
2933.3728, 24.276655
2934.3728, 24.574377
2935.3728, 24.35356
2936.3728, 23.82199
2937.3728, 23.99231
2938.3728, 23.262827
2939.3728, 22.57889
2940.3728, 22.344587
2941.3728, 22.54933
2942.3728, 22.73258
2943.3728, 22.958977
2944.3728, 23.074776
2945.3728, 23.110981
2946.3728, 23.195091
2947.3728, 23.428207
2948.3728, 23.417107
2949.3728, 23.80302
2950.3728, 23.964233
2951.3728, 24.485144
2952.3728, 24.803223
2953.3728, 25.108135
2954.3728, 25.337921
2955.3728, 25.49372
2956.3728, 25.661722
2957.3728, 25.995323
2958.3728, 26.214478
2959.3728, 26.307674
2960.3728, 26.289677
2961.3728, 26.447794
2962.3728, 26.450577
2963.3728, 26.57838
2964.3728, 26.216917
2965.3728, 25.602673
2966.3728, 25.742939
2967.3728, 25.921318
2968.3728, 25.908592
2969.3728, 25.453941
2970.3728, 24.979422
2971.3728, 24.175486
2972.3728, 23.986021
2973.3728, 23.592255
2974.3728, 23.125813
2975.3728, 21.974325
2976.3728, 21.426151
2977.3728, 21.534105
2978.3728, 21.73546
2979.3728, 22.629591
2980.3728, 23.229412
2981.3728, 23.800314
2982.3728, 24.522724
2983.3728, 24.989525
2984.3728, 25.325922
2985.3728, 25.62382
2986.3728, 26.152126
2987.3728, 26.23773
2988.3728, 26.303593
2989.3728, 26.601227
2990.3728, 26.519482
2991.3728, 27.047945
2992.3728, 27.271807
2993.3728, 27.42433
2994.3728, 27.359518
2995.3728, 27.75549
2996.3728, 27.678217
2997.3728, 27.39778
2998.3728, 26.803452
2999.3728, 26.161106
3000.3728, 26.37134
3001.3728, 26.606794
3002.3728, 26.878105
3003.3728, 26.896122
3004.3728, 27.093615
3005.3728, 27.692312
3006.3728, 28.706215
3007.3728, 29.280975
3008.3728, 29.599926
3009.3728, 29.80982
3010.3728, 29.402235
3011.3728, 28.991562
3012.3728, 28.604908
3013.3728, 28.230093
3014.3728, 27.718931
3015.3728, 27.7867
3016.3728, 28.042376
3017.3728, 28.278028
3018.3728, 28.723467
3019.3728, 29.084278
3020.3728, 29.382921
3021.3728, 29.835054
3022.3728, 30.307951
3023.3728, 30.71708
3024.3728, 31.941936
3025.3728, 32.968765
3026.3728, 33.4635
3027.3728, 33.801765
3028.3728, 34.34387
3029.3728, 35.4387
3030.3728, 36.572746
3031.3728, 37.1193
3032.3728, 37.35685
3033.3728, 36.943626
3034.3728, 36.345703
3035.3728, 35.806484
3036.3728, 35.253933
3037.3728, 34.408516
3038.3728, 33.56586
3039.3728, 33.163685
3040.3728, 32.642998
3041.3728, 32.191345
3042.3728, 31.731287
3043.3728, 31.308958
3044.3728, 31.46429
3045.3728, 31.507551
3046.3728, 31.79463
3047.3728, 32.311783
3048.3728, 32.27574
3049.3728, 32.30133
3050.3728, 32.32117
3051.3728, 32.339455
3052.3728, 32.51068
3053.3728, 32.616753
3054.3728, 32.904068
3055.3728, 33.36975
3056.3728, 33.500057
3057.3728, 33.110706
3058.3728, 33.04332
3059.3728, 33.130825
3060.3728, 33.0969
3061.3728, 33.189785
3062.3728, 33.17501
3063.3728, 33.09078
3064.3728, 32.953716
3065.3728, 32.863964
3066.3728, 33.510372
3067.3728, 32.946476
3068.3728, 32.9531
3069.3728, 32.794147
3070.3728, 32.2824
3071.3728, 30.61856
3072.3728, 27.756567
3073.3728, 26.228594
3074.3728, 25.41086
3075.3728, 25.346375
3076.3728, 25.566833
3077.3728, 25.808369
3078.3728, 26.379292
3079.3728, 27.114138
3080.3728, 27.38797
3081.3728, 27.434864
3082.3728, 26.641935
3083.3728, 26.711481
3084.3728, 26.731176
3085.3728, 26.958334
3086.3728, 27.143024
3087.3728, 27.199123
3088.3728, 27.691446
3089.3728, 28.052164
3090.3728, 28.13227
3091.3728, 28.037212
3092.3728, 27.60057
3093.3728, 27.272675
3094.3728, 27.361814
3095.3728, 27.508867
3096.3728, 27.54521
3097.3728, 27.634596
3098.3728, 27.54054
3099.3728, 27.180923
3100.3728, 26.439468
3101.3728, 25.882273
3102.3728, 25.294058
3103.3728, 24.70568
3104.3728, 24.080496
3105.3728, 23.483076
3106.3728, 22.968105
3107.3728, 22.804304
3108.3728, 23.041224
3109.3728, 23.111805
3110.3728, 23.103344
3111.3728, 23.15863
3112.3728, 23.116192
3113.3728, 23.142834
3114.3728, 23.146383
3115.3728, 23.202734
3116.3728, 23.238865
3117.3728, 23.215803
3118.3728, 23.171936
3119.3728, 23.167398
3120.3728, 23.163147
3121.3728, 23.12444
3122.3728, 23.209007
3123.3728, 23.19903
3124.3728, 23.221561
3125.3728, 23.20927
3126.3728, 23.664194
3127.3728, 24.1991
3128.3728, 25.76064
3129.3728, 26.542208
3130.3728, 26.739727
3131.3728, 27.201763
3132.3728, 27.876934
3133.3728, 27.382957
3134.3728, 27.01741
3135.3728, 27.077013
3136.3728, 27.329748
3137.3728, 27.93199
3138.3728, 28.541616
3139.3728, 28.75906
3140.3728, 28.90754
3141.3728, 29.085184
3142.3728, 29.269444
3143.3728, 29.306555
3144.3728, 29.65939
3145.3728, 29.766977
3146.3728, 29.910072
3147.3728, 30.063566
3148.3728, 30.03081
3149.3728, 30.085636
3150.3728, 30.134106
3151.3728, 30.22658
3152.3728, 30.352789
3153.3728, 30.327042
3154.3728, 30.202238
3155.3728, 30.151464
3156.3728, 30.028858
3157.3728, 30.081139
3158.3728, 30.078161
3159.3728, 29.955015
3160.3728, 30.018648
3161.3728, 30.106363
3162.3728, 30.117762
3163.3728, 30.165737
3164.3728, 30.182112
3165.3728, 30.224833
3166.3728, 30.2815
3167.3728, 30.22164
3168.3728, 30.17527
3169.3728, 30.190557
3170.3728, 30.251862
3171.3728, 30.272346
3172.3728, 30.317215
3173.3728, 30.302681
3174.3728, 30.245316
3175.3728, 30.20156
3176.3728, 30.229744
3177.3728, 30.152779
3178.3728, 29.936941
3179.3728, 29.250872
3180.3728, 28.669926
3181.3728, 28.068275
3182.3728, 27.422098
3183.3728, 27.251463
3184.3728, 27.494104
3185.3728, 27.596691
3186.3728, 27.899006
3187.3728, 28.015512
3188.3728, 28.26586
3189.3728, 28.381012
3190.3728, 28.778667
3191.3728, 28.995888
3192.3728, 29.294931
3193.3728, 29.26642
3194.3728, 29.450151
3195.3728, 29.576777
3196.3728, 29.399904
3197.3728, 28.909592
3198.3728, 28.212248
3199.3728, 28.33793
3200.3728, 28.5581
3201.3728, 28.67729
3202.3728, 28.504025
3203.3728, 28.60141
3204.3728, 28.629572
3205.3728, 28.64962
3206.3728, 28.745806
3207.3728, 28.714912
3208.3728, 28.68542
3209.3728, 28.35228
3210.3728, 28.155886
3211.3728, 27.799168
3212.3728, 27.49959
3213.3728, 27.4263
3214.3728, 27.265877
3215.3728, 27.121496
3216.3728, 27.061554
3217.3728, 26.976847
3218.3728, 26.938953
3219.3728, 26.750578
3220.3728, 26.601511
3221.3728, 26.591993
3222.3728, 26.568722
3223.3728, 26.788553
3224.3728, 27.0722
3225.3728, 27.226461
3226.3728, 27.455477
3227.3728, 27.592505
3228.3728, 27.792406
3229.3728, 28.248615
3230.3728, 28.451685
3231.3728, 28.698147
3232.3728, 28.754057
3233.3728, 28.832512
3234.3728, 28.829397
3235.3728, 28.755701
3236.3728, 28.507051
3237.3728, 28.13771
3238.3728, 27.991655
3239.3728, 27.844326
3240.3728, 27.848839
3241.3728, 27.970135
3242.3728, 27.974728
3243.3728, 27.93171
3244.3728, 27.763338
3245.3728, 27.29789
3246.3728, 26.163572
3247.3728, 25.496464
3248.3728, 24.870785
3249.3728, 24.533104
3250.3728, 24.318287
3251.3728, 23.793587
3252.3728, 23.771578
3253.3728, 24.018154
3254.3728, 24.332565
3255.3728, 22.85648
3256.3728, 22.082193
3257.3728, 21.654438
3258.3728, 21.299866
3259.3728, 21.221941
3260.3728, 20.927393
3261.3728, 19.72449
3262.3728, 19.145567
3263.3728, 18.522175
3264.3728, 17.847696
3265.3728, 17.464237
3266.3728, 17.247463
3267.3728, 16.53269
3268.3728, 15.938409
3269.3728, 15.577399
3270.3728, 15.518118
3271.3728, 15.381713
3272.3728, 15.208637
3273.3728, 14.377311
3274.3728, 12.962794
3275.3728, 13.161963
3276.3728, 13.249162
3277.3728, 13.6698885
3278.3728, 14.309764
3279.3728, 15.170417
3280.3728, 16.68642
3281.3728, 19.102064
3282.3728, 21.033134
3283.3728, 21.597391
3284.3728, 21.555033
3285.3728, 21.179863
3286.3728, 20.652676
3287.3728, 20.367603
3288.3728, 20.096989
3289.3728, 20.036444
3290.3728, 19.62474
3291.3728, 19.211378
3292.3728, 18.843653
3293.3728, 18.49924
3294.3728, 18.06436
3295.3728, 17.683897
3296.3728, 17.226658
3297.3728, 16.761326
3298.3728, 16.42539
3299.3728, 16.015297
3300.3728, 15.496979
3301.3728, 14.998593
3302.3728, 13.939145
3303.3728, 11.623689
3304.3728, 10.506147
3305.3728, 8.956702
3306.3728, 6.839196
3307.3728, 5.6885552
3308.3728, 3.8916132
3309.3728, 0.0
3310.3728, 0.0
3311.3728, 0.0
3312.3728, 0.0
3313.3728, 0.0
3314.3728, 0.0
3315.3728, 0.0
3316.3728, 0.0
3317.3728, 0.0
3318.3728, 0.0
3319.3728, 0.0
3320.3728, 0.0
3321.3728, 0.0
3322.3728, 0.0
3323.3728, 0.0
3324.3728, 0.0
3325.3728, 0.0
3326.3728, 0.0
3327.3728, 0.0
3328.3728, 0.0
3329.3728, 0.0
3330.3728, 0.0
3331.3728, 0.0
3332.3728, 0.0
3333.3728, 0.0
3334.3728, 0.0
3335.3728, 0.0
3336.3728, 0.0
3337.3728, 0.0
3338.3728, 0.0
3339.3728, 0.0
3340.3728, 0.0
3341.3728, 0.0
3342.3728, 0.0
3343.3728, 0.0
3344.3728, 0.0
3345.3728, 0.0
3346.3728, 0.0
3347.3728, 0.0
3348.3728, 0.0
3349.3728, 0.0
3350.3728, 0.0
3351.3728, 0.0
3352.3728, 0.0
3353.3728, 0.0
3354.3728, 0.0
3355.3728, 0.0
3356.3728, 0.0
3357.3728, 0.0
3358.3728, 0.0
3359.3728, 0.0
3360.3728, 0.0
3361.3728, 0.0
3362.3728, 0.0
3363.3728, 0.0
3364.3728, 0.0
3365.3728, 0.0
3366.3728, 0.0
3367.3728, 0.0
3368.3728, 0.0
3369.3728, 0.0
3370.3728, 4.838822
3371.3728, 5.7872243
3372.3728, 6.556736
3373.3728, 7.424118
3374.3728, 7.91248
3375.3728, 8.861605
3376.3728, 10.107874
3377.3728, 10.445996
3378.3728, 11.816598
3379.3728, 13.06584
3380.3728, 13.97855
3381.3728, 14.23527
3382.3728, 14.639249
3383.3728, 15.113222
3384.3728, 15.6323395
3385.3728, 15.434086
3386.3728, 15.480201
3387.3728, 15.683645
3388.3728, 16.348337
3389.3728, 16.576054
3390.3728, 17.088717
3391.3728, 17.377401
3392.3728, 17.556423
3393.3728, 17.962284
3394.3728, 18.037167
3395.3728, 17.954926
3396.3728, 17.976149
3397.3728, 17.909018
3398.3728, 17.885574
3399.3728, 18.049334
3400.3728, 18.15042
3401.3728, 18.051676
3402.3728, 18.029701
3403.3728, 18.026276
3404.3728, 18.030863
3405.3728, 17.946362
3406.3728, 17.890762
3407.3728, 17.900404
3408.3728, 17.832638
3409.3728, 17.917723
3410.3728, 17.871403
3411.3728, 17.808348
3412.3728, 17.74209
3413.3728, 17.693636
3414.3728, 17.670698
3415.3728, 17.635176
3416.3728, 17.662172
3417.3728, 17.6874
3418.3728, 17.720852
3419.3728, 17.728952
3420.3728, 17.760078
3421.3728, 17.780767
3422.3728, 17.723299
3423.3728, 17.664915
3424.3728, 17.730997
3425.3728, 17.777449
3426.3728, 17.85288
3427.3728, 17.834232
3428.3728, 17.796238
3429.3728, 17.758718
3430.3728, 17.758831
3431.3728, 17.834826
3432.3728, 17.778193
3433.3728, 17.755371
3434.3728, 17.738487
3435.3728, 17.700563
3436.3728, 17.659718
3437.3728, 17.73749
3438.3728, 16.919085
3439.3728, 14.441609
3440.3728, 12.457824
3441.3728, 10.629926
3442.3728, 7.760303
3443.3728, 5.3751388
3444.3728, 3.3865294
3445.3728, 1.3564507
3446.3728, 0.0
3447.3728, 0.0
3448.3728, 0.0
3449.3728, 0.0
3450.3728, 0.0
3451.3728, 0.0
3452.3728, 0.0
3453.3728, 0.0
3454.3728, 0.0
3455.3728, 0.0
3456.3728, 0.0
3457.3728, 0.0
3458.3728, 0.0
3459.3728, 0.0
3460.3728, 0.0
3461.3728, 0.0
3462.3728, 0.0
3463.3728, 0.0
3464.3728, 0.0
3465.3728, 0.0
3466.3728, 0.0
3467.3728, 0.0
3468.3728, 0.0
3469.3728, 0.0
3470.3728, 0.0
3471.3728, 0.0
3472.3728, 0.0
3473.3728, 0.0
3474.3728, 0.0
3475.3728, 0.0
3476.3728, 0.0
3477.3728, 0.0
3478.3728, 0.0
3479.3728, 0.0
3480.3728, 0.0
3481.3728, 0.0
3482.3728, 0.0
3483.3728, 0.0
3484.3728, 0.0
3485.3728, 0.0
3486.3728, 0.0
3487.3728, 0.0
3488.3728, 0.0
3489.3728, 0.0
3490.3728, 0.0
3491.3728, 0.0
3492.3728, 0.0
3493.3728, 0.0
3494.3728, 0.0
3495.3728, 0.0
3496.3728, 0.0
3497.3728, 0.0
3498.3728, 0.0
3499.3728, 0.0
3500.3728, 0.0
3501.3728, 0.0
3502.3728, 0.0
3503.3728, 4.6012836
3504.3728, 7.015444
3505.3728, 10.38925
3506.3728, 12.089294
3507.3728, 13.214777
3508.3728, 14.163967
3509.3728, 14.928436
3510.3728, 15.419767
3511.3728, 15.2888
3512.3728, 15.065723
3513.3728, 15.064087
3514.3728, 14.994067
3515.3728, 14.806257
3516.3728, 15.147041
3517.3728, 15.09999
3518.3728, 14.880333
3519.3728, 14.5917
3520.3728, 14.386552
3521.3728, 14.0881195
3522.3728, 13.855456
3523.3728, 13.5140085
3524.3728, 12.214301
3525.3728, 10.774384
3526.3728, 9.62678
