# Recording timestamp: 2019-01-05 10:35:43
# Recording title: ups and downs on 6
# field: speed_samples
0.61982733, 30.91465
1.6198273, 30.904715
2.6198273, 30.884457
3.6198273, 30.879303
4.6198273, 30.915995
5.6198273, 30.8934
6.6198273, 30.896639
7.6198273, 30.88595
8.619827, 30.875431
9.619827, 30.886862
10.619827, 30.898676
11.619827, 30.89561
12.619827, 30.883957
13.619827, 30.884024
14.619827, 30.907024
15.619827, 30.87417
16.619827, 30.883005
17.619827, 30.88976
18.619827, 30.918873
19.619827, 30.92209
20.619827, 30.927286
21.619827, 30.924814
22.619827, 30.92974
23.619827, 30.930004
24.619827, 30.971313
25.619827, 30.987234
26.619827, 30.951735
27.619827, 30.936691
28.619827, 30.946972
29.619827, 30.934027
30.619827, 30.995283
31.619827, 30.966482
32.619827, 31.013727
33.619827, 31.01957
34.619827, 31.038528
35.619827, 31.026754
36.619827, 30.984962
37.619827, 30.954422
38.619827, 31.032864
39.619827, 31.018335
40.619827, 31.023468
41.619827, 31.037802
42.619827, 31.003662
43.619827, 31.085032
44.619827, 31.062891
45.619827, 31.001205
46.619827, 31.089025
47.619827, 31.04652
48.619827, 31.023094
49.619827, 31.034124
50.619827, 31.053217
51.619827, 31.024363
52.619827, 31.064516
53.619827, 31.026655
54.619827, 31.058012
55.619827, 31.0795
56.619827, 31.0526
57.619827, 30.959318
58.619827, 31.042467
59.619827, 31.124695
60.619827, 31.060478
61.619827, 31.081394
62.619827, 31.102068
63.619827, 31.084763
64.61983, 31.087996
65.61983, 31.032421
66.61983, 31.120762
67.61983, 31.057947
68.61983, 31.039291
69.61983, 31.094067
70.61983, 30.988352
71.61983, 31.014687
72.61983, 31.025463
73.61983, 31.072285
74.61983, 30.958263
75.61983, 31.084637
76.61983, 31.03716
77.61983, 31.010542
78.61983, 31.080816
79.61983, 31.039886
80.61983, 31.125286
81.61983, 31.079271
82.61983, 31.077213
83.61983, 31.048775
84.61983, 31.07191
85.61983, 31.07543
86.61983, 31.104013
87.61983, 31.077936
88.61983, 31.063257
89.61983, 31.040337
90.61983, 31.033314
91.61983, 31.032757
92.61983, 31.018621
93.61983, 30.948101
94.61983, 30.912327
95.61983, 30.860233
96.61983, 30.823732
97.61983, 30.842249
98.61983, 30.831907
99.61983, 30.865822
100.61983, 30.893236
101.61983, 30.883398
102.61983, 30.882763
103.61983, 30.787199
104.61983, 30.791702
105.61983, 30.859148
106.61983, 30.874882
107.61983, 30.885567
108.61983, 30.907024
109.61983, 30.903381
110.61983, 30.863123
111.61983, 30.8288
112.61983, 30.806087
113.61983, 30.868093
114.61983, 30.888725
115.61983, 30.918781
116.61983, 30.910728
117.61983, 30.88881
118.61983, 30.921103
119.61983, 30.90124
120.61983, 30.893824
121.61983, 30.877495
122.61983, 30.913803
123.61983, 30.891157
124.61983, 30.905212
125.61983, 30.877487
126.61983, 30.888958
127.61983, 30.905842
128.61983, 30.953215
129.61983, 30.951616
130.61983, 30.955563
131.61983, 30.949833
132.61983, 30.968512
133.61983, 30.975304
134.61983, 30.935684
135.61983, 30.922638
136.61983, 30.95404
137.61983, 30.915253
138.61983, 30.906897
139.61983, 30.956902
140.61983, 30.954823
141.61983, 30.9742
142.61983, 30.971388
143.61983, 30.94753
144.61983, 30.868166
145.61983, 30.81329
146.61983, 30.876665
147.61983, 30.866068
148.61983, 30.859476
149.61983, 30.824408
150.61983, 30.838476
151.61983, 30.867157
152.61983, 30.907598
153.61983, 30.909575
154.61983, 30.963844
155.61983, 30.898142
156.61983, 30.902733
157.61983, 30.924429
158.61983, 31.013987
159.61983, 31.03314
160.61983, 31.00136
161.61983, 31.057295
162.61983, 31.060728
163.61983, 31.042227
164.61983, 31.025528
165.61983, 30.917547
166.61983, 31.006819
167.61983, 30.975092
168.61983, 31.003006
169.61983, 30.912409
170.61983, 31.035225
171.61983, 30.976315
172.61983, 30.972326
173.61983, 31.056398
174.61983, 31.00071
175.61983, 30.982487
176.61983, 30.983017
177.61983, 31.015722
178.61983, 30.963385
179.61983, 31.06999
180.61983, 31.020119
181.61983, 30.993702
182.61983, 30.995863
183.61983, 30.98341
184.61983, 31.006182
185.61983, 31.012281
186.61983, 31.017815
187.61983, 30.958075
188.61983, 31.035295
189.61983, 30.97539
190.61983, 30.980703
191.61983, 30.992584
192.61983, 31.007635
193.61983, 31.034662
194.61983, 31.057947
195.61983, 31.071987
196.61983, 31.087992
197.61983, 31.086924
198.61983, 31.08667
199.61983, 31.06326
200.61983, 31.015106
201.61983, 31.042377
202.61983, 31.017305
203.61983, 30.98749
204.61983, 30.942274
205.61983, 30.94121
206.61983, 30.977964
207.61983, 30.952593
208.61983, 30.942633
209.61983, 30.985039
210.61983, 30.96154
211.61983, 30.984098
212.61983, 30.96517
213.61983, 30.908382
214.61983, 30.957382
215.61983, 30.95418
216.61983, 30.977425
217.61983, 30.956497
218.61983, 30.961367
219.61983, 30.993402
220.61983, 31.012802
221.61983, 31.030937
222.61983, 31.030445
223.61983, 31.043316
224.61983, 31.044165
225.61983, 31.042572
226.61983, 31.08492
227.61983, 31.045696
228.61983, 31.053188
229.61983, 31.026207
230.61983, 31.02459
231.61983, 31.038387
232.61983, 31.021046
233.61983, 31.007206
234.61983, 31.057789
235.61983, 31.067934
236.61983, 31.088066
237.61983, 31.073902
238.61983, 30.993402
239.61983, 31.04763
240.61983, 31.019047
241.61983, 31.016289
242.61983, 30.988838
243.61983, 30.956343
244.61983, 30.947737
245.61983, 30.954136
246.61983, 30.957615
247.61983, 30.954956
248.61983, 30.901617
249.61983, 30.917568
250.61983, 30.90699
251.61983, 30.93304
252.61983, 30.941923
253.61983, 30.955317
254.61983, 30.94614
255.61983, 30.909798
256.61984, 30.89721
257.61984, 30.876867
258.61984, 30.910376
259.61984, 30.90212
260.61984, 30.973946
261.61984, 30.92676
262.61984, 30.92747
263.61984, 30.852043
264.61984, 30.934978
265.61984, 30.916964
266.61984, 30.93672
267.61984, 30.960318
268.61984, 30.982693
269.61984, 30.954664
270.61984, 30.977709
271.61984, 30.990543
272.61984, 31.012035
273.61984, 31.054317
274.61984, 31.041033
275.61984, 31.05132
276.61984, 31.057304
277.61984, 31.057293
278.61984, 31.055923
279.61984, 31.06594
280.61984, 31.01497
281.61984, 31.04646
282.61984, 31.049719
283.61984, 31.045969
284.61984, 30.878197
285.61984, 31.027246
286.61984, 31.00693
287.61984, 31.030148
288.61984, 31.019598
289.61984, 30.986792
290.61984, 31.03022
291.61984, 31.050379
292.61984, 31.05595
293.61984, 31.036144
294.61984, 31.008652
295.61984, 31.036238
296.61984, 30.984678
297.61984, 30.954666
298.61984, 30.988106
299.61984, 31.086533
300.61984, 31.045797
301.61984, 31.02677
302.61984, 31.032907
303.61984, 31.02813
304.61984, 31.019789
305.61984, 30.96517
306.61984, 30.893444
307.61984, 30.885313
308.61984, 30.87718
309.61984, 30.86248
310.61984, 30.91744
311.61984, 30.82609
312.61984, 30.820612
313.61984, 30.867764
314.61984, 30.895369
315.61984, 30.864964
316.61984, 30.847164
317.61984, 30.886833
318.61984, 30.87683
319.61984, 30.867027
320.61984, 30.913078
321.61984, 30.95559
322.61984, 30.925535
323.61984, 30.943438
324.61984, 30.913147
325.61984, 30.927946
326.61984, 30.869759
327.61984, 30.896742
328.61984, 30.898981
329.61984, 30.80882
330.61984, 30.872732
331.61984, 30.86257
332.61984, 30.830511
333.61984, 30.827984
334.61984, 30.826172
335.61984, 30.877415
336.61984, 30.913834
337.61984, 30.885942
338.61984, 30.936798
339.61984, 30.980764
340.61984, 30.950443
341.61984, 30.997698
342.61984, 31.020054
343.61984, 31.065336
344.61984, 31.131859
345.61984, 31.044884
346.61984, 30.983727
347.61984, 30.940613
348.61984, 30.973776
349.61984, 30.988825
350.61984, 31.039097
351.61984, 31.062891
352.61984, 31.071465
353.61984, 31.051744
354.61984, 31.03722
355.61984, 31.052471
356.61984, 31.065033
357.61984, 31.027119
358.61984, 31.003172
359.61984, 30.995646
360.61984, 31.00536
361.61984, 31.038065
362.61984, 31.016958
363.61984, 31.008694
364.61984, 31.0179
365.61984, 30.98298
366.61984, 30.969526
367.61984, 31.08282
368.61984, 31.086863
369.61984, 31.07633
370.61984, 31.060194
371.61984, 31.046972
372.61984, 31.061125
373.61984, 31.025793
374.61984, 31.08804
375.61984, 31.075375
376.61984, 30.909777
377.61984, 31.045631
378.61984, 31.02836
379.61984, 31.07884
380.61984, 31.05191
381.61984, 31.032778
382.61984, 31.062332
383.61984, 31.083305
384.61984, 31.039259
385.61984, 31.03173
386.61984, 31.041245
387.61984, 30.998812
388.61984, 30.986635
389.61984, 31.00048
390.61984, 31.032127
391.61984, 31.02445
392.61984, 31.022892
393.61984, 31.052546
394.61984, 31.032412
395.61984, 31.036558
396.61984, 31.010279
397.61984, 31.034327
398.61984, 30.986118
399.61984, 30.946287
400.61984, 30.973913
401.61984, 30.990654
402.61984, 30.979742
403.61984, 30.954199
404.61984, 30.99288
405.61984, 30.983358
406.61984, 30.992659
407.61984, 30.895384
408.61984, 30.899506
409.61984, 30.95148
410.61984, 30.987226
411.61984, 31.00036
412.61984, 30.985659
413.61984, 30.988508
414.61984, 30.96726
415.61984, 30.971601
416.61984, 30.935495
417.61984, 30.922558
418.61984, 30.952736
419.61984, 30.989626
420.61984, 30.966627
421.61984, 30.879784
422.61984, 30.982092
423.61984, 30.997862
424.61984, 30.946222
425.61984, 31.001022
426.61984, 30.994999
427.61984, 31.039406
428.61984, 31.038515
429.61984, 31.050694
430.61984, 31.017876
431.61984, 31.031374
432.61984, 31.023756
433.61984, 31.031387
434.61984, 31.00668
435.61984, 30.985611
436.61984, 30.982662
437.61984, 30.980143
438.61984, 31.036362
439.61984, 31.000673
440.61984, 30.974348
441.61984, 30.974817
442.61984, 30.902765
443.61984, 30.92873
444.61984, 30.889233
445.61984, 30.86292
446.61984, 30.879501
447.61984, 30.844212
448.61984, 30.854929
449.61984, 30.838093
450.61984, 30.861462
451.61984, 30.815495
452.61984, 30.883804
453.61984, 30.816017
454.61984, 30.88548
455.61984, 30.94714
456.61984, 30.93934
457.61984, 30.948067
458.61984, 30.994719
459.61984, 31.037323
460.61984, 31.028885
461.61984, 31.024055
462.61984, 31.00353
463.61984, 30.97775
464.61984, 30.952919
